n,Heap Branchless Parallel,Tournament Cache Branchless
3,1,2
4,2,2
5,3,4
6,3,4
7,4,5
8,6,5
9,7,7
10,8,9
11,9,10
12,9,11
13,9,11
14,9,12
15,10,12
16,13,13
17,15,15
18,18,17
19,18,19
20,19,21
21,19,22
22,19,23
23,20,24
24,19,25
25,19,25
26,19,26
27,20,27
28,19,27
29,20,28
30,19,29
31,20,30
32,24,31
33,26,33
34,29,35
35,31,37
36,35,39
37,37,41
38,40,43
39,42,45
40,45,47
41,47,49
42,48,51
43,49,52
44,48,53
45,49,54
46,48,55
47,49,56
48,48,56
49,49,57
50,49,58
51,50,59
52,50,60
53,52,61
54,50,62
55,51,63
56,51,64
57,51,65
58,51,66
59,52,67
60,51,68
61,52,69
62,52,70
63,53,71
64,61,72
65,63,75
66,67,77
67,69,79
68,73,82
69,75,84
70,78,86
71,80,89
72,84,91
73,86,94
74,90,96
75,92,98
76,96,100
77,98,103
78,102,105
79,104,107
80,109,110
81,110,112
82,114,114
83,116,116
84,117,118
85,118,120
86,120,122
87,120,123
88,120,125
89,121,126
90,121,128
91,122,129
92,122,131
93,123,132
94,122,133
95,124,134
96,125,135
97,125,136
98,125,138
99,126,140
100,126,140
101,127,141
102,128,142
103,129,143
104,129,145
105,129,146
106,130,147
107,131,148
108,131,149
109,132,151
110,133,151
111,133,153
112,133,154
113,134,155
114,134,156
115,135,157
116,136,159
117,136,159
118,136,161
119,137,161
120,137,163
121,138,164
122,137,165
123,140,166
124,139,167
125,141,168
126,159,170
127,141,171
128,146,172
129,148,175
130,153,177
131,154,180
132,158,182
133,160,185
134,166,187
135,167,190
136,172,193
137,174,195
138,177,198
139,179,200
140,184,202
141,186,205
142,190,208
143,194,210
144,197,213
145,199,215
146,203,217
147,206,220
148,210,223
149,212,225
150,215,228
151,218,230
152,223,232
153,225,235
154,229,237
155,233,240
156,236,242
157,238,244
158,242,247
159,245,249
160,248,252
161,251,253
162,257,256
163,258,258
164,261,260
165,262,262
166,266,264
167,267,266
168,270,268
169,272,270
170,274,272
171,276,273
172,280,275
173,281,276
174,279,278
175,281,280
176,281,281
177,286,282
178,283,283
179,287,285
180,285,286
181,286,286
182,285,288
183,288,289
184,288,290
185,288,291
186,289,292
187,289,293
188,292,294
189,290,295
190,292,296
191,293,297
192,292,298
193,294,299
194,295,300
195,294,301
196,293,303
197,295,303
198,296,304
199,298,305
200,298,307
201,298,308
202,299,309
203,300,310
204,298,311
205,300,312
206,302,314
207,303,315
208,301,316
209,302,317
210,303,319
211,303,320
212,303,321
213,305,322
214,305,323
215,305,324
216,305,326
217,307,327
218,307,328
219,308,329
220,308,331
221,312,332
222,310,333
223,312,334
224,312,336
225,312,336
226,313,337
227,314,339
228,314,340
229,316,341
230,315,342
231,318,344
232,318,345
233,318,346
234,320,348
235,320,349
236,321,350
237,322,352
238,322,353
239,324,354
240,324,356
241,361,357
242,326,359
243,327,360
244,362,361
245,364,363
246,329,364
247,329,365
248,366,367
249,332,368
250,333,370
251,333,371
252,334,372
253,335,374
254,336,375
255,373,377
256,341,378
257,344,382
258,348,384
259,350,387
260,354,390
261,357,393
262,360,395
263,364,398
264,367,401
265,370,404
266,374,407
267,401,409
268,379,412
269,382,415
270,386,418
271,388,420
272,393,423
273,395,426
274,400,428
275,403,431
276,406,434
277,409,437
278,414,439
279,415,442
280,421,445
281,423,448
282,427,450
283,429,453
284,434,456
285,436,458
286,478,461
287,444,464
288,449,466
289,450,469
290,455,472
291,458,475
292,463,477
293,466,480
294,476,483
295,473,485
296,512,489
297,480,491
298,484,494
299,487,497
300,491,499
301,494,502
302,498,504
303,501,507
304,506,510
305,508,513
306,513,515
307,515,518
308,521,520
309,522,524
310,527,526
311,530,529
312,534,532
313,538,534
314,541,537
315,544,540
316,549,542
317,552,545
318,557,548
319,558,550
320,563,554
321,566,555
322,571,558
323,572,561
324,577,563
325,580,566
326,584,569
327,587,571
328,590,573
329,592,579
330,612,578
331,598,580
332,601,582
333,604,585
334,606,588
335,609,589
336,611,592
337,613,594
338,617,596
339,618,598
340,620,600
341,624,603
342,624,604
343,686,606
344,627,609
345,630,610
346,632,612
347,632,614
348,633,616
349,635,617
350,636,619
351,639,620
352,640,623
353,642,624
354,663,626
355,645,628
356,644,629
357,645,631
358,643,632
359,647,632
360,648,634
361,649,637
362,651,637
363,650,638
364,651,640
365,653,642
366,652,643
367,653,644
368,655,645
369,653,646
370,655,648
371,657,649
372,658,650
373,658,651
374,657,652
375,660,653
376,658,656
377,661,656
378,661,658
379,662,658
380,663,661
381,666,660
382,664,662
383,668,664
384,665,664
385,667,666
386,666,667
387,669,669
388,668,670
389,669,672
390,672,672
391,671,674
392,671,675
393,672,677
394,677,677
395,674,679
396,681,680
397,677,682
398,682,683
399,679,684
400,720,685
401,684,687
402,696,688
403,682,689
404,724,690
405,684,691
406,688,693
407,685,694
408,685,696
409,686,697
410,687,698
411,688,700
412,690,701
413,690,702
414,690,704
415,692,705
416,691,706
417,693,707
418,693,709
419,695,710
420,697,711
421,698,713
422,699,715
423,698,716
424,701,717
425,701,718
426,699,720
427,703,721
428,702,722
429,708,724
430,704,725
431,705,727
432,705,728
433,707,729
434,707,731
435,710,732
436,708,733
437,710,735
438,757,737
439,715,738
440,719,739
441,721,741
442,716,742
443,718,743
444,715,745
445,717,746
446,721,748
447,722,749
448,720,750
449,787,751
450,788,753
451,789,755
452,722,756
453,723,757
454,725,759
455,726,760
456,725,761
457,727,763
458,796,765
459,797,766
460,778,767
461,798,769
462,732,770
463,732,772
464,801,773
465,735,775
466,803,776
467,805,778
468,737,779
469,738,781
470,807,783
471,741,784
472,809,786
473,811,787
474,793,789
475,745,791
476,813,792
477,747,794
478,816,795
479,817,796
480,818,799
481,751,801
482,753,802
483,754,803
484,754,806
485,824,807
486,825,808
487,827,810
488,828,811
489,761,813
490,761,814
491,762,816
492,814,818
493,833,819
494,834,821
495,836,823
496,836,824
497,768,826
498,769,828
499,841,829
500,772,830
501,843,830
502,772,831
503,773,833
504,844,835
505,776,836
506,777,838
507,848,839
508,780,841
509,850,843
510,852,844
511,836,846
512,789,849
513,793,852
514,795,855
515,801,858
516,803,861
517,858,864
518,808,867
519,811,869
520,816,873
521,819,876
522,826,879
523,835,883
524,829,885
525,832,888
526,836,892
527,842,895
528,845,898
529,847,902
530,854,905
531,853,907
532,857,910
533,859,914
534,864,917
535,867,920
536,873,923
537,874,927
538,878,930
539,881,933
540,885,937
541,889,940
542,892,945
543,894,947
544,904,952
545,903,955
546,907,958
547,913,961
548,914,966
549,916,968
550,921,972
551,923,974
552,929,978
553,931,981
554,940,984
555,938,987
556,942,991
557,945,994
558,949,997
559,951,1001
560,958,1004
561,959,1007
562,964,1010
563,967,1014
564,971,1017
565,974,1020
566,978,1023
567,980,1027
568,985,1030
569,992,1034
570,996,1037
571,995,1040
572,1000,1043
573,1002,1046
574,1005,1049
575,1008,1053
576,1019,1056
577,1017,1060
578,1020,1062
579,1024,1066
580,1028,1069
581,1031,1074
582,1094,1075
583,1037,1079
584,1042,1082
585,1052,1085
586,1050,1087
587,1052,1092
588,1057,1094
589,1059,1098
590,1064,1100
591,1066,1104
592,1071,1107
593,1082,1110
594,1081,1113
595,1084,1116
596,1086,1119
597,1089,1122
598,1092,1125
599,1100,1128
600,1101,1132
601,1104,1134
602,1115,1137
603,1111,1140
604,1122,1143
605,1126,1147
606,1125,1148
607,1125,1152
608,1131,1154
609,1133,1160
610,1141,1162
611,1141,1164
612,1145,1167
613,1148,1170
614,1159,1172
615,1157,1176
616,1160,1179
617,1164,1181
618,1168,1185
619,1211,1189
620,1177,1192
621,1178,1193
622,1182,1196
623,1185,1199
624,1193,1202
625,1195,1205
626,1198,1208
627,1203,1212
628,1206,1214
629,1210,1217
630,1214,1220
631,1218,1222
632,1223,1225
633,1225,1228
634,1234,1230
635,1237,1234
636,1244,1236
637,1344,1239
638,1247,1243
639,1246,1244
640,1252,1247
641,1255,1251
642,1261,1253
643,1262,1256
644,1269,1258
645,1269,1261
646,1272,1264
647,1386,1268
648,1281,1270
649,1286,1272
650,1286,1276
651,1292,1278
652,1298,1280
653,1296,1283
654,1302,1286
655,1306,1288
656,1333,1290
657,1312,1294
658,1348,1297
659,1318,1299
660,1325,1302
661,1326,1304
662,1329,1307
663,1333,1309
664,1337,1312
665,1339,1314
666,1341,1317
667,1345,1319
668,1347,1321
669,1350,1323
670,1354,1327
671,1357,1329
672,1359,1332
673,1363,1334
674,1363,1336
675,1367,1340
676,1371,1341
677,1405,1343
678,1377,1345
679,1378,1348
680,1497,1349
681,1382,1353
682,1386,1355
683,1388,1357
684,1508,1360
685,1393,1361
686,1394,1364
687,1396,1366
688,1399,1367
689,1401,1370
690,1440,1371
691,1406,1374
692,1427,1375
693,1409,1379
694,1411,1379
695,1444,1382
696,1413,1383
697,1417,1386
698,1417,1389
699,1418,1389
700,1420,1392
701,1421,1394
702,1425,1395
703,1428,1397
704,1429,1399
705,1429,1399
706,1478,1404
707,1446,1405
708,1433,1407
709,1435,1407
710,1435,1410
711,1560,1410
712,1438,1412
713,1438,1415
714,1443,1415
715,1443,1415
716,1447,1418
717,1444,1418
718,1445,1420
719,1447,1422
720,1447,1422
721,1477,1426
722,1451,1426
723,1453,1427
724,1451,1432
725,1454,1432
726,1455,1432
727,1482,1435
728,1455,1436
729,1582,1438
730,1457,1440
731,1458,1440
732,1462,1441
733,1461,1444
734,1463,1445
735,1463,1446
736,1466,1448
737,1507,1449
738,1466,1452
739,1467,1452
740,1467,1454
741,1484,1455
742,1469,1460
743,1597,1457
744,1598,1458
745,1474,1461
746,1472,1463
747,1474,1463
748,1477,1466
749,1476,1467
750,1478,1469
751,1477,1469
752,1478,1471
753,1482,1472
754,1482,1474
755,1481,1475
756,1482,1477
757,1482,1479
758,1485,1480
759,1487,1481
760,1487,1483
761,1488,1484
762,1486,1487
763,1536,1487
764,1490,1489
765,1492,1490
766,1490,1492
767,1493,1494
768,1496,1497
769,1500,1497
770,1510,1500
771,1512,1502
772,1503,1502
773,1513,1504
774,1509,1505
775,1506,1506
776,1500,1508
777,1512,1510
778,1507,1511
779,1512,1513
780,1508,1514
781,1516,1514
782,1515,1517
783,1517,1519
784,1518,1520
785,1519,1528
786,1522,1529
787,1524,1530
788,1523,1532
789,1516,1533
790,1524,1535
791,1523,1536
792,1521,1537
793,1529,1539
794,1522,1541
795,1523,1545
796,1531,1545
797,1570,1547
798,1529,1549
799,1530,1550
800,1527,1552
801,1532,1555
802,1544,1557
803,1578,1558
804,1540,1560
805,1532,1561
806,1534,1562
807,1541,1565
808,1548,1567
809,1546,1569
810,1542,1570
811,1538,1570
812,1671,1572
813,1546,1574
814,1555,1576
815,1548,1578
816,1545,1579
817,1555,1580
818,1548,1582
819,1557,1585
820,1558,1586
821,1559,1588
822,1563,1589
823,1564,1591
824,1565,1592
825,1558,1594
826,1621,1597
827,1556,1599
828,1555,1601
829,1568,1600
830,1563,1603
831,1574,1605
832,1690,1606
833,1562,1609
834,1563,1610
835,1565,1613
836,1574,1613
837,1568,1616
838,1568,1620
839,1571,1619
840,1567,1622
841,1583,1622
842,1578,1624
843,1576,1627
844,1582,1628
845,1586,1630
846,1584,1631
847,1587,1634
848,1656,1635
849,1583,1637
850,1588,1640
851,1586,1640
852,1584,1644
853,1585,1645
854,1585,1647
855,1593,1648
856,1588,1649
857,1590,1652
858,1595,1653
859,1598,1655
860,1602,1655
861,1600,1659
862,1602,1660
863,1603,1662
864,1602,1664
865,1602,1667
866,1598,1670
867,1599,1671
868,1646,1670
869,1610,1672
870,1606,1674
871,1603,1677
872,1601,1681
873,1607,1681
874,1607,1684
875,1607,1683
876,1614,1686
877,1615,1689
878,1610,1689
879,1615,1693
880,1620,1695
881,1624,1698
882,1614,1700
883,1631,1699
884,1625,1704
885,1619,1705
886,1622,1705
887,1632,1707
888,1623,1712
889,1638,1711
890,1624,1713
891,1628,1718
892,1698,1718
893,1642,1720
894,1633,1723
895,1643,1724
896,1679,1729
897,1765,1728
898,1767,1730
899,1769,1733
900,1768,1736
901,1771,1736
902,1771,1737
903,1774,1740
904,1773,1741
905,1777,1744
906,1776,1747
907,1777,1749
908,1778,1749
909,1783,1752
910,1781,1755
911,1786,1757
912,1785,1758
913,1786,1761
914,1789,1763
915,1788,1764
916,1792,1767
917,1791,1772
918,1795,1770
919,1797,1772
920,1795,1774
921,1799,1778
922,1799,1778
923,1803,1782
924,1802,1784
925,1803,1785
926,1806,1789
927,1807,1792
928,1809,1791
929,1808,1794
930,1812,1799
931,1815,1797
932,1813,1801
933,1815,1803
934,1819,1804
935,1821,1805
936,1819,1806
937,1820,1802
938,1819,1803
939,1823,1805
940,1822,1808
941,1824,1809
942,1827,1813
943,1827,1814
944,1830,1817
945,1832,1819
946,1833,1820
947,1836,1823
948,1837,1824
949,1837,1827
950,1840,1829
951,1841,1830
952,1843,1834
953,1843,1833
954,1847,1835
955,1847,1840
956,1847,1839
957,1851,1841
958,1852,1846
959,1854,1845
960,1855,1849
961,1859,1851
962,1859,1852
963,1861,1855
964,1864,1856
965,1864,1858
966,1867,1863
967,1870,1861
968,1870,1866
969,1873,1867
970,1874,1869
971,1877,1869
972,1876,1872
973,1880,1876
974,1879,1876
975,1884,1878
976,1886,1881
977,1886,1883
978,1889,1886
979,1890,1884
980,1893,1889
981,1895,1891
982,1897,1893
983,1899,1894
984,1900,1896
985,1903,1897
986,1904,1902
987,1906,1902
988,1909,1902
989,1911,1905
990,1911,1907
991,1915,1912
992,1917,1910
993,1917,1913
994,1921,1921
995,1922,1918
996,1924,1917
997,1929,1925
998,1932,1930
999,1934,1929
1000,1938,1932
