n,Tournament External Cache Branchless,Tournament 4ary,Tournament 8ary,Loser 4ary,Loser 8ary
3,2,3,4,3,3
4,2,5,5,5,5
5,4,9,7,7,7
6,4,12,9,10,10
7,5,14,10,12,12
8,5,17,12,14,14
9,7,20,20,17,17
10,8,23,24,20,20
11,9,24,28,23,24
12,10,27,31,26,27
13,11,30,34,29,30
14,11,33,37,32,32
15,12,34,39,34,35
16,13,37,42,37,38
17,14,47,46,40,40
18,16,50,49,44,43
19,17,54,53,47,47
20,19,58,56,50,49
21,20,63,59,54,53
22,20,67,62,57,56
23,21,70,64,60,59
24,22,73,67,63,62
25,23,77,71,67,65
26,24,81,74,70,69
27,25,83,77,73,72
28,25,86,80,76,75
29,26,90,83,80,78
30,27,93,86,83,81
31,28,96,88,86,84
32,29,99,90,89,87
33,31,103,94,91,90
34,32,107,98,95,93
35,34,111,101,99,96
36,35,116,104,103,100
37,37,120,107,107,104
38,38,124,110,111,107
39,40,127,112,115,111
40,41,131,115,118,114
41,43,134,119,123,118
42,44,137,122,127,122
43,45,140,126,131,126
44,46,143,129,137,130
45,47,147,132,142,134
46,48,150,135,142,137
47,49,153,138,149,140
48,50,156,140,149,144
49,51,161,144,154,148
50,52,166,148,159,152
51,53,170,151,160,156
52,54,174,154,167,160
53,55,179,157,175,164
54,56,183,160,176,167
55,57,186,163,177,171
56,59,189,165,184,174
57,60,193,170,187,178
58,61,196,173,189,182
59,62,199,177,195,185
60,63,202,180,195,189
61,64,206,183,200,192
62,66,209,186,209,196
63,67,213,190,207,199
64,69,216,192,210,203
65,69,252,239,220,216
66,71,256,244,224,219
67,73,262,250,229,224
68,75,267,254,233,227
69,77,274,261,238,232
70,78,279,267,242,236
71,80,285,272,247,242
72,82,290,277,251,245
73,84,295,283,258,250
74,85,301,289,262,254
75,87,305,295,268,259
76,89,310,301,275,262
77,91,316,305,275,267
78,93,321,312,278,272
79,95,326,317,285,276
80,96,331,321,294,279
81,98,337,328,294,285
82,100,342,333,299,290
83,101,347,338,304,295
84,103,352,344,309,299
85,105,358,348,311,304
86,106,364,353,318,309
87,108,368,357,324,314
88,110,374,363,326,317
89,111,378,369,332,323
90,112,382,373,338,327
91,114,388,379,341,331
92,116,391,383,345,335
93,117,397,390,349,339
94,119,402,391,354,344
95,120,406,397,360,347
96,122,411,401,360,351
97,123,416,406,366,356
98,125,421,411,373,361
99,125,426,416,381,366
100,127,430,420,380,371
101,128,435,424,384,376
102,130,440,430,389,379
103,131,443,433,397,384
104,133,448,437,396,388
105,134,452,443,403,392
106,135,455,448,411,396
107,137,460,452,418,400
108,138,463,456,420,406
109,139,468,461,420,409
110,140,472,466,431,413
111,142,476,469,427,417
112,143,481,473,434,421
113,144,487,476,438,426
114,146,491,480,444,430
115,147,496,482,445,435
116,149,501,487,447,438
117,150,505,492,457,443
118,151,510,495,466,446
119,153,514,498,460,449
120,154,519,502,470,453
121,155,523,508,471,458
122,156,527,512,478,462
123,158,531,516,477,465
124,159,534,520,481,470
125,160,539,524,487,474
126,162,544,530,488,477
127,163,547,533,494,482
128,165,551,538,498,486
129,166,557,543,500,489
130,168,563,549,513,493
131,170,569,554,519,499
132,172,575,559,520,502
133,173,581,566,524,507
134,175,587,571,528,511
135,177,593,576,538,517
136,179,599,581,540,520
137,180,603,588,551,525
138,183,608,593,550,530
139,184,613,599,555,535
140,186,618,603,559,540
141,188,624,609,567,545
142,189,629,615,571,548
143,191,634,620,575,552
144,193,639,625,582,557
145,195,645,629,590,562
146,197,651,635,592,567
147,198,655,641,598,572
148,200,659,644,604,576
149,202,666,652,609,582
150,203,671,654,612,587
151,205,675,660,623,590
152,207,681,664,622,594
153,209,684,668,628,600
154,211,689,672,632,604
155,212,694,677,636,609
156,214,698,683,641,614
157,216,703,686,648,617
158,217,710,691,651,621
159,219,712,696,657,627
160,221,715,699,661,629
161,223,722,704,665,635
162,224,726,708,670,640
163,226,730,714,679,645
164,227,733,720,687,650
165,229,739,724,685,655
166,231,743,726,693,660
167,232,748,732,694,664
168,234,752,736,703,669
169,235,756,740,715,673
170,237,759,744,721,678
171,238,764,747,721,684
172,240,769,754,734,687
173,241,773,757,726,691
174,242,776,764,736,696
175,244,782,766,735,700
176,245,786,770,745,704
177,247,791,773,751,710
178,248,796,775,758,714
179,249,800,780,758,718
180,250,806,784,768,723
181,252,809,787,768,727
182,253,815,792,775,732
183,255,820,796,775,736
184,256,823,801,779,740
185,258,828,805,781,745
186,259,833,809,817,749
187,260,837,814,791,754
188,262,839,820,801,758
189,264,846,823,803,761
190,265,848,827,804,765
191,266,854,830,807,769
192,268,859,835,816,774
193,269,867,842,821,780
194,271,873,849,832,784
195,272,877,855,830,790
196,274,886,860,845,794
197,275,892,865,849,800
198,277,896,872,849,804
199,278,902,878,852,810
200,280,908,884,858,815
201,281,914,888,875,820
202,283,920,894,868,825
203,284,923,901,875,830
204,286,928,905,876,834
205,287,936,911,884,839
206,289,939,917,888,843
207,290,946,925,903,847
208,292,950,928,895,851
209,293,956,932,903,856
210,295,961,936,905,862
211,296,966,943,921,867
212,298,969,947,918,870
213,300,976,953,922,876
214,301,982,957,926,880
215,303,986,961,936,884
216,304,992,965,935,888
217,306,994,970,940,894
218,308,999,975,943,897
219,309,1003,980,949,902
220,311,1010,984,957,907
221,312,1014,988,975,910
222,314,1019,995,963,914
223,315,1023,1000,982,918
224,317,1027,1001,974,923
225,319,1031,1006,977,928
226,320,1037,1012,978,933
227,322,1041,1017,989,937
228,323,1045,1025,1007,942
229,324,1050,1025,997,946
230,326,1055,1030,1006,951
231,328,1059,1036,1004,955
232,330,1063,1039,1011,960
233,331,1067,1043,1034,964
234,332,1074,1048,1019,969
235,334,1075,1052,1028,972
236,336,1080,1057,1027,977
237,337,1084,1062,1065,981
238,338,1088,1068,1054,985
239,340,1096,1071,1043,990
240,342,1097,1076,1055,995
241,344,1103,1078,1049,999
242,345,1108,1083,1055,1004
243,347,1113,1084,1061,1008
244,349,1119,1087,1065,1012
245,351,1123,1094,1074,1016
246,352,1128,1097,1079,1021
247,354,1134,1104,1081,1025
248,356,1138,1107,1091,1030
249,357,1141,1110,1088,1034
250,359,1146,1118,1094,1039
251,361,1149,1121,1097,1043
252,362,1155,1125,1118,1046
253,364,1162,1128,1112,1051
254,366,1164,1132,1120,1056
255,369,1169,1138,1114,1060
256,376,1172,1146,1116,1064
257,372,1317,1150,1175,1070
258,373,1325,1154,1182,1075
259,374,1332,1161,1192,1083
260,376,1340,1167,1198,1087
261,378,1347,1174,1194,1092
262,380,1356,1181,1200,1098
263,381,1363,1185,1207,1104
264,383,1369,1192,1213,1109
265,385,1376,1198,1233,1115
266,387,1383,1205,1239,1122
267,388,1390,1208,1238,1128
268,390,1396,1215,1249,1132
269,392,1405,1222,1261,1138
270,394,1412,1227,1262,1143
271,395,1418,1229,1267,1148
272,398,1424,1238,1276,1155
273,400,1432,1246,1277,1161
274,402,1440,1251,1290,1167
275,403,1447,1258,1289,1172
276,405,1455,1262,1300,1178
277,407,1461,1268,1304,1184
278,410,1468,1273,1315,1189
279,411,1476,1276,1320,1195
280,413,1484,1281,1328,1199
281,414,1489,1286,1338,1205
282,416,1495,1291,1338,1212
283,418,1503,1296,1345,1215
284,421,1507,1301,1350,1220
285,422,1514,1306,1356,1224
286,423,1521,1311,1362,1230
287,426,1526,1315,1368,1236
288,427,1532,1320,1372,1240
289,429,1541,1323,1379,1245
290,431,1551,1332,1387,1252
291,434,1557,1334,1391,1259
292,435,1562,1339,1400,1264
293,437,1573,1343,1408,1269
294,439,1587,1348,1411,1269
295,441,1583,1353,1419,1273
296,443,1590,1357,1419,1285
297,445,1598,1362,1434,1294
298,448,1603,1366,1434,1298
299,449,1610,1371,1447,1293
300,451,1614,1377,1461,1300
301,452,1622,1381,1455,1304
302,454,1629,1385,1462,1310
303,456,1631,1389,1470,1314
304,458,1639,1395,1470,1319
305,460,1648,1397,1476,1325
306,462,1654,1403,1480,1337
307,464,1661,1408,1498,1336
308,466,1668,1410,1486,1340
309,468,1674,1416,1497,1346
310,469,1681,1421,1502,1350
311,472,1686,1425,1507,1354
312,474,1694,1429,1518,1360
313,476,1698,1434,1522,1365
314,478,1705,1439,1524,1371
315,479,1711,1442,1528,1375
316,481,1718,1454,1537,1379
317,483,1725,1452,1542,1385
318,485,1729,1456,1545,1389
319,487,1737,1461,1556,1394
320,489,1741,1465,1557,1399
321,491,1749,1477,1560,1405
322,492,1756,1485,1570,1412
323,495,1763,1493,1585,1417
324,496,1768,1501,1593,1423
325,499,1777,1507,1587,1428
326,501,1784,1510,1596,1434
327,502,1790,1520,1603,1440
328,505,1798,1526,1609,1445
329,506,1804,1534,1609,1451
330,508,1809,1538,1632,1457
331,510,1816,1547,1625,1463
332,513,1821,1551,1621,1467
333,514,1827,1560,1646,1473
334,516,1834,1564,1641,1479
335,518,1839,1569,1654,1483
336,520,1845,1575,1650,1489
337,522,1853,1579,1661,1495
338,524,1862,1582,1668,1500
339,526,1867,1589,1669,1506
340,528,1872,1594,1676,1511
341,530,1879,1598,1684,1516
342,532,1886,1603,1689,1522
343,534,1894,1608,1697,1526
344,536,1899,1611,1717,1531
345,538,1903,1617,1710,1537
346,540,1910,1622,1709,1547
347,542,1917,1627,1717,1549
348,544,1921,1632,1726,1552
349,546,1927,1637,1726,1557
350,549,1933,1640,1733,1562
351,550,1940,1644,1745,1567
352,552,1944,1650,1750,1573
353,554,1951,1656,1757,1576
354,556,1957,1660,1764,1583
355,557,1965,1665,1775,1589
356,560,1969,1670,1768,1593
357,562,1974,1674,1776,1599
358,564,1981,1681,1785,1604
359,566,1985,1683,1799,1608
360,568,1991,1687,1794,1614
361,569,1998,1692,1809,1619
362,571,2001,1699,1800,1624
363,573,2005,1704,1823,1629
364,575,2014,1710,1813,1634
365,577,2019,1718,1831,1640
366,579,2025,1721,1824,1646
367,582,2030,1723,1839,1653
368,583,2036,1730,1834,1653
369,585,2043,1732,1852,1660
370,587,2047,1738,1848,1664
371,589,2054,1742,1854,1670
372,591,2058,1747,1869,1675
373,593,2065,1753,1854,1679
374,594,2073,1757,1873,1684
375,597,2077,1762,1887,1690
376,598,2083,1765,1903,1693
377,600,2087,1772,1899,1700
378,602,2093,1777,1886,1703
379,604,2099,1781,1905,1709
380,607,2105,1786,1908,1714
381,608,2112,1793,1910,1718
382,610,2117,1796,1912,1724
383,612,2122,1801,1920,1728
384,614,2127,1806,1921,1733
385,616,2135,1813,1932,1738
386,619,2141,1819,1949,1744
387,620,2148,1828,1944,1750
388,622,2155,1833,1970,1756
389,624,2161,1837,1977,1762
390,626,2170,1843,1969,1771
391,628,2175,1848,1984,1773
392,630,2183,1855,1989,1779
393,632,2188,1861,1979,1785
394,635,2195,1867,1989,1792
395,636,2200,1872,2001,1797
396,638,2206,1877,1999,1802
397,641,2213,1882,2016,1809
398,642,2218,1886,2006,1814
399,644,2224,1892,2016,1820
400,646,2232,1895,2025,1825
401,648,2237,1903,2048,1831
402,650,2244,1906,2039,1837
403,652,2249,1912,2050,1843
404,654,2256,1914,2056,1848
405,656,2267,1919,2066,1855
406,658,2268,1924,2080,1860
407,661,2275,1928,2077,1865
408,663,2281,1934,2092,1871
409,665,2287,1941,2075,1876
410,667,2291,1943,2066,1881
411,669,2299,1950,2084,1887
412,671,2305,1958,2090,1891
413,673,2310,1961,2110,1897
414,675,2315,1963,2107,1902
415,677,2321,1971,2114,1906
416,679,2327,1977,2109,1912
417,681,2333,1976,2099,1918
418,683,2339,1982,2139,1924
419,686,2343,1985,2133,1929
420,687,2348,1991,2148,1935
421,689,2355,1996,2145,1942
422,691,2360,2001,2165,1946
423,693,2366,2008,2154,1952
424,695,2371,2008,2153,1958
425,697,2377,2009,2197,1963
426,700,2382,2019,2186,1968
427,701,2387,2025,2187,1974
428,704,2393,2033,2172,1978
429,706,2399,2039,2200,1985
430,708,2406,2044,2226,1989
431,710,2410,2044,2220,1995
432,712,2416,2052,2205,2000
433,715,2423,2057,2214,2005
434,716,2428,2062,2235,2011
435,718,2434,2064,2226,2016
436,721,2441,2070,2233,2023
437,722,2447,2075,2256,2027
438,725,2451,2079,2241,2031
439,727,2458,2082,2263,2036
440,728,2463,2089,2268,2041
441,731,2468,2093,2263,2047
442,733,2474,2098,2276,2052
443,735,2481,2105,2287,2057
444,737,2485,2112,2271,2062
445,739,2492,2117,2273,2068
446,741,2497,2120,2290,2073
447,743,2504,2125,2312,2077
448,745,2510,2128,2310,2083
449,747,2517,2139,2312,2088
450,750,2524,2148,2317,2094
451,752,2532,2155,2330,2101
452,754,2544,2165,2333,2105
453,756,2548,2170,2319,2111
454,758,2555,2175,2334,2116
455,760,2561,2178,2349,2121
456,762,2574,2188,2360,2126
457,764,2575,2191,2357,2131
458,766,2583,2193,2381,2137
459,768,2591,2208,2376,2143
460,771,2596,2210,2375,2149
461,773,2606,2213,2372,2154
462,775,2610,2222,2382,2158
463,777,2615,2228,2398,2163
464,779,2623,2232,2395,2169
465,781,2629,2234,2397,2174
466,783,2636,2239,2417,2180
467,785,2643,2248,2414,2184
468,787,2649,2249,2447,2190
469,790,2656,2254,2415,2195
470,791,2663,2264,2422,2200
471,793,2668,2258,2424,2205
472,795,2674,2269,2434,2210
473,798,2685,2279,2440,2216
474,799,2687,2282,2455,2220
475,801,2692,2283,2467,2226
476,803,2697,2290,2468,2231
477,806,2705,2292,2465,2235
478,808,2710,2303,2477,2241
479,810,2717,2308,2477,2245
480,812,2723,2312,2483,2251
481,814,2728,2312,2514,2256
482,816,2733,2316,2518,2261
483,819,2740,2325,2486,2266
484,820,2745,2330,2498,2271
485,823,2752,2340,2509,2277
486,825,2758,2340,2529,2283
487,827,2763,2344,2517,2287
488,829,2769,2346,2533,2293
489,831,2775,2352,2549,2297
490,834,2781,2364,2544,2303
491,836,2786,2369,2547,2308
492,838,2793,2371,2563,2315
493,840,2797,2381,2558,2319
494,842,2807,2382,2562,2325
495,844,2809,2387,2592,2330
496,846,2815,2395,2571,2333
497,848,2822,2399,2589,2339
498,851,2834,2406,2566,2344
499,852,2834,2406,2597,2349
500,855,2845,2410,2629,2355
501,857,2847,2419,2602,2361
502,859,2856,2425,2613,2365
503,861,2858,2428,2638,2371
504,863,2863,2430,2636,2375
505,866,2870,2430,2636,2381
506,868,2878,2439,2634,2387
507,870,2883,2446,2647,2392
508,873,2888,2451,2657,2397
509,875,2894,2455,2644,2401
510,877,2902,2457,2662,2408
511,879,2906,2469,2678,2412
512,881,2912,2470,2661,2417
513,885,2923,2855,2689,2531
514,887,2931,2865,2666,2545
515,889,2939,2872,2697,2545
516,891,2948,2882,2680,2552
517,893,2958,2889,2698,2563
518,895,2967,2899,2689,2566
519,897,2976,2909,2721,2581
520,899,2982,2917,2712,2593
521,902,2991,2928,2735,2591
522,904,3001,2934,2742,2600
523,906,3010,2946,2740,2604
524,908,3016,2956,2746,2614
525,911,3027,2965,2764,2619
526,913,3033,2971,2775,2627
527,915,3043,2978,2761,2628
528,917,3045,2989,2770,2639
529,919,3056,2998,2774,2647
530,921,3066,3006,2775,2654
531,924,3071,3023,2789,2662
532,926,3082,3029,2801,2669
533,928,3090,3029,2810,2674
534,930,3098,3041,2824,2689
535,932,3104,3049,2833,2698
536,934,3111,3062,2828,2700
537,936,3120,3066,2830,2702
538,939,3128,3074,2851,2708
539,941,3134,3084,2867,2716
540,943,3143,3090,2871,2720
541,945,3151,3098,2864,2727
542,948,3159,3108,2896,2735
543,950,3165,3117,2873,2738
544,952,3175,3125,2890,2745
545,955,3173,3128,2894,2752
546,957,3186,3137,2901,2761
547,959,3195,3144,2905,2768
548,962,3197,3153,2937,2775
549,964,3209,3161,2938,2781
550,966,3218,3169,2942,2786
551,968,3222,3180,2931,2791
552,970,3224,3183,2941,2798
553,972,3235,3195,2948,2814
554,975,3236,3201,2965,2813
555,982,3254,3213,2975,2819
556,979,3257,3218,2973,2832
557,982,3262,3227,2988,2830
558,985,3270,3233,2994,2836
559,986,3271,3240,3004,2842
560,989,3279,3246,3005,2847
561,991,3284,3257,3006,2855
562,993,3291,3259,3019,2862
563,995,3305,3266,3023,2869
564,998,3306,3277,3021,2876
565,1000,3315,3280,3033,2886
566,1003,3326,3287,3045,2886
567,1004,3319,3295,3034,2892
568,1006,3326,3302,3034,2898
569,1009,3341,3308,3060,2905
570,1011,3335,3316,3043,2911
571,1013,3346,3326,3068,2915
572,1016,3346,3330,3083,2924
573,1018,3367,3342,3063,2928
574,1020,3370,3344,3129,2934
575,1023,3380,3352,3101,2939
576,1025,3372,3364,3108,2946
577,1028,3380,3369,3135,2954
578,1029,3392,3380,3120,2960
579,1032,3398,3388,3125,2969
580,1035,3407,3397,3142,2975
581,1037,3422,3407,3139,2982
582,1039,3420,3416,3144,2987
583,1040,3435,3423,3160,2994
584,1043,3444,3428,3171,3000
585,1046,3432,3437,3173,3007
586,1048,3457,3450,3168,3015
587,1050,3448,3457,3197,3020
588,1053,3461,3464,3206,3036
589,1055,3468,3471,3177,3034
590,1057,3474,3482,3207,3040
591,1059,3475,3485,3254,3044
592,1063,3478,3498,3230,3051
593,1065,3501,3504,3244,3058
594,1066,3499,3516,3243,3067
595,1069,3508,3518,3229,3072
596,1071,3506,3526,3236,3086
597,1073,3517,3534,3257,3085
598,1075,3519,3540,3268,3091
599,1077,3529,3547,3274,3096
600,1080,3536,3554,3286,3103
601,1082,3550,3561,3276,3109
602,1085,3547,3569,3288,3115
603,1087,3550,3580,3317,3121
604,1090,3561,3591,3293,3127
605,1091,3562,3595,3317,3133
606,1093,3571,3602,3312,3137
607,1096,3578,3607,3319,3145
608,1098,3581,3620,3333,3150
609,1100,3584,3624,3333,3158
610,1103,3602,3635,3343,3161
611,1106,3602,3639,3376,3170
612,1108,3607,3643,3364,3175
613,1110,3610,3654,3377,3192
614,1112,3615,3662,3379,3198
615,1114,3633,3672,3371,3193
616,1116,3627,3680,3365,3198
617,1119,3635,3683,3399,3206
618,1121,3648,3693,3391,3213
619,1124,3657,3698,3381,3219
620,1126,3654,3707,3414,3235
621,1128,3653,3712,3428,3241
622,1130,3673,3717,3449,3234
623,1133,3672,3729,3426,3239
624,1135,3673,3736,3448,3256
625,1137,3679,3739,3426,3261
626,1140,3703,3744,3465,3267
627,1141,3695,3751,3439,3267
628,1143,3703,3758,3461,3268
629,1146,3704,3765,3460,3285
630,1148,3714,3772,3463,3291
631,1150,3726,3780,3496,3287
632,1153,3727,3786,3495,3303
633,1155,3732,3794,3494,3308
634,1158,3731,3806,3510,3315
635,1160,3739,3814,3507,3310
636,1162,3751,3816,3502,3315
637,1164,3758,3819,3504,3332
638,1166,3760,3828,3525,3330
639,1169,3771,3834,3528,3335
640,1171,3778,3840,3508,3340
641,1173,3781,3854,3552,3341
642,1176,3783,3865,3540,3353
643,1178,3801,3867,3551,3361
644,1180,3802,3877,3543,3366
645,1183,3806,3886,3576,3373
646,1184,3813,3888,3577,3380
647,1188,3819,3899,3588,3386
648,1189,3828,3899,3565,3404
649,1191,3829,3911,3606,3399
650,1194,3839,3921,3600,3422
651,1196,3836,3924,3617,3427
652,1199,3845,3939,3628,3419
653,1201,3854,3939,3633,3428
654,1204,3862,3948,3606,3445
655,1205,3861,3951,3645,3442
656,1207,3875,3960,3648,3454
657,1210,3879,3975,3658,3463
658,1213,3879,3973,3674,3473
659,1215,3882,3983,3683,3477
660,1217,3893,3993,3662,3483
661,1219,3902,4004,3674,3490
662,1221,3904,4006,3698,3497
663,1223,3913,4015,3709,3492
664,1226,3925,4024,3693,3508
665,1227,3929,4020,3717,3516
666,1230,3931,4031,3718,3525
667,1233,3936,4036,3714,3517
668,1235,3944,4050,3749,3542
669,1237,3950,4048,3741,3540
670,1239,3952,4062,3749,3544
671,1242,3960,4063,3730,3541
672,1244,3973,4070,3721,3556
673,1246,3969,4085,3737,3564
674,1248,3975,4082,3790,3579
675,1250,3982,4093,3774,3568
676,1253,3993,4095,3781,3590
677,1255,3996,4108,3803,3582
678,1257,4004,4112,3809,3598
679,1260,4006,4119,3773,3604
680,1262,4013,4127,3815,3613
681,1264,4015,4129,3796,3612
682,1266,4024,4150,3834,3624
683,1269,4021,4145,3849,3629
684,1271,4028,4153,3831,3630
685,1272,4042,4166,3814,3642
686,1276,4043,4171,3819,3651
687,1277,4052,4178,3838,3656
688,1279,4067,4186,3830,3659
689,1281,4063,4189,3859,3665
690,1284,4073,4199,3887,3672
691,1285,4084,4196,3894,3669
692,1287,4085,4203,3862,3692
693,1290,4091,4207,3899,3692
694,1291,4095,4223,3916,3699
695,1294,4101,4232,3912,3707
696,1296,4102,4237,3912,3710
697,1299,4103,4234,3929,3716
698,1302,4123,4244,3897,3721
699,1305,4121,4249,3925,3729
700,1305,4128,4264,3960,3735
701,1308,4135,4262,3961,3732
702,1310,4141,4270,3919,3733
703,1313,4148,4286,3951,3752
704,1315,4151,4289,3962,3756
705,1317,4166,4288,3940,3765
706,1320,4176,4301,3946,3771
707,1321,4181,4304,3967,3776
708,1324,4187,4319,3982,3769
709,1326,4187,4320,3990,3798
710,1328,4196,4334,3993,3795
711,1332,4211,4331,3983,3803
712,1332,4211,4345,4034,3811
713,1334,4224,4347,4014,3815
714,1336,4230,4354,4040,3828
715,1339,4236,4360,4011,3828
716,1342,4261,4376,4025,3824
717,1343,4245,4374,4042,3841
718,1344,4264,4378,4019,3836
719,1348,4257,4398,4037,3852
720,1349,4261,4393,4048,3856
721,1351,4271,4406,4048,3862
722,1355,4281,4418,4057,3867
723,1357,4285,4416,4060,3875
724,1360,4294,4420,4064,3883
725,1361,4301,4436,4099,3886
726,1363,4304,4436,4104,3897
727,1366,4320,4445,4135,3890
728,1368,4319,4448,4139,3894
729,1370,4328,4455,4146,3914
730,1373,4334,4462,4128,3918
731,1374,4342,4476,4117,3924
732,1376,4353,4483,4114,3930
733,1379,4355,4483,4161,3933
734,1381,4357,4492,4162,3943
735,1383,4364,4492,4187,3950
736,1385,4381,4499,4154,3952
737,1387,4380,4508,4187,3944
738,1391,4389,4523,4196,3962
739,1392,4403,4519,4161,3969
740,1394,4401,4534,4166,3979
741,1397,4402,4532,4222,3981
742,1400,4414,4550,4225,3988
743,1401,4411,4559,4189,3995
744,1404,4423,4551,4224,3999
745,1406,4439,4562,4199,4010
746,1408,4437,4569,4198,4015
747,1411,4444,4576,4212,4019
748,1412,4453,4580,4232,4022
749,1415,4452,4592,4254,4031
750,1417,4458,4594,4286,4036
751,1420,4464,4608,4234,4044
752,1422,4473,4607,4251,4047
753,1433,4479,4619,4249,4064
754,1435,4491,4631,4299,4067
755,1436,4511,4629,4262,4078
756,1439,4522,4650,4306,4087
757,1441,4514,4646,4302,4088
758,1444,4521,4662,4289,4093
759,1446,4538,4659,4319,4097
760,1450,4547,4669,4313,4106
761,1452,4541,4676,4300,4110
762,1455,4549,4680,4302,4116
763,1458,4560,4687,4312,4122
764,1460,4565,4697,4326,4129
765,1462,4570,4703,4361,4138
766,1464,4580,4709,4351,4141
767,1467,4578,4716,4339,4148
768,1469,4590,4720,4386,4156
769,1471,4595,4732,4353,4158
770,1474,4605,4739,4373,4164
771,1476,4609,4751,4366,4174
772,1478,4628,4749,4378,4179
773,1481,4631,4756,4369,4189
774,1483,4652,4762,4396,4192
775,1485,4646,4768,4443,4198
776,1487,4655,4776,4403,4204
777,1490,4664,4788,4460,4212
778,1493,4673,4788,4441,4218
779,1495,4675,4794,4455,4227
780,1498,4694,4804,4455,4234
781,1500,4695,4813,4483,4238
782,1502,4698,4814,4500,4253
783,1504,4714,4826,4450,4250
784,1506,4722,4830,4461,4256
785,1508,4727,4842,4508,4247
786,1511,4746,4844,4475,4271
787,1513,4738,4853,4525,4280
788,1515,4747,4858,4519,4271
789,1518,4761,4864,4491,4294
790,1520,4785,4871,4521,4296
791,1522,4786,4880,4507,4303
792,1524,4789,4885,4544,4311
793,1527,4788,4894,4576,4316
794,1532,4806,4901,4528,4325
795,1532,4813,4912,4532,4328
796,1534,4817,4910,4565,4340
797,1536,4827,4928,4550,4341
798,1539,4826,4925,4562,4348
799,1540,4839,4936,4608,4355
800,1543,4838,4939,4564,4360
801,1546,4858,4946,4620,4367
802,1549,4861,4962,4612,4374
803,1550,4869,4958,4584,4369
804,1553,4867,4973,4641,4387
805,1555,4886,4977,4641,4381
806,1557,4882,4977,4608,4403
807,1559,4898,4990,4613,4404
808,1562,4901,4999,4617,4412
809,1564,4906,4998,4626,4416
810,1566,4918,5015,4683,4423
811,1569,4916,5021,4706,4415
812,1571,4927,5009,4664,4422
813,1561,4923,5013,4660,4426
814,1563,4932,5025,4689,4437
815,1566,4948,5027,4724,4428
816,1567,4939,5033,4716,4447
817,1570,4950,5034,4726,4455
818,1572,4956,5043,4684,4459
819,1575,4970,5049,4735,4458
820,1577,4975,5062,4690,4459
821,1579,4977,5060,4699,4481
822,1582,4992,5068,4697,4471
823,1584,4998,5081,4767,4490
824,1586,4994,5088,4725,4495
825,1588,5003,5086,4745,4490
826,1590,5011,5091,4761,4508
827,1592,5025,5100,4767,4515
828,1595,5030,5106,4819,4523
829,1596,5039,5109,4798,4530
830,1601,5039,5121,4809,4531
831,1602,5049,5122,4820,4537
832,1604,5057,5139,4827,4543
833,1606,5061,5140,4769,4550
834,1609,5069,5152,4771,4558
835,1611,5069,5153,4790,4563
836,1613,5087,5168,4844,4570
837,1616,5092,5166,4818,4581
838,1618,5102,5175,4819,4584
839,1620,5105,5182,4843,4589
840,1623,5113,5188,4877,4595
841,1625,5112,5195,4835,4591
842,1627,5123,5201,4840,4608
843,1630,5136,5217,4850,4615
844,1632,5137,5214,4900,4621
845,1634,5140,5230,4861,4614
846,1636,5157,5239,4910,4620
847,1639,5156,5237,4902,4638
848,1642,5172,5241,4915,4635
849,1643,5173,5248,4906,4650
850,1646,5188,5264,4914,4660
851,1648,5188,5271,4959,4663
852,1651,5194,5271,4916,4658
853,1654,5198,5275,4961,4665
854,1656,5210,5284,4977,4681
855,1657,5218,5287,4988,4677
856,1659,5237,5297,4941,4684
857,1661,5225,5300,5013,4705
858,1665,5234,5309,4993,4705
859,1666,5239,5316,4966,4710
860,1669,5251,5325,4971,4716
861,1670,5251,5332,4957,4722
862,1675,5259,5344,5056,4727
863,1676,5272,5343,5017,4733
864,1678,5279,5356,5054,4740
865,1681,5286,5356,5019,4737
866,1684,5293,5361,4987,4742
867,1685,5292,5368,5090,4747
868,1688,5301,5380,5069,4754
869,1691,5303,5383,5019,4769
870,1692,5316,5396,5035,4777
871,1694,5330,5394,5066,4781
872,1697,5336,5399,5038,4789
873,1701,5341,5406,5050,4785
874,1703,5347,5414,5048,4800
875,1705,5349,5420,5096,4795
876,1707,5356,5437,5091,4812
877,1710,5359,5437,5143,4818
878,1712,5363,5452,5165,4824
879,1714,5378,5445,5106,4830
880,1716,5380,5460,5139,4825
881,1719,5384,5458,5080,4838
882,1722,5393,5464,5097,4846
883,1723,5393,5469,5169,4851
884,1727,5403,5483,5162,4850
885,1728,5412,5485,5099,4855
886,1731,5417,5499,5135,4871
887,1734,5433,5498,5161,4869
888,1737,5430,5504,5188,4884
889,1740,5435,5519,5205,4880
890,1741,5444,5518,5210,4897
891,1743,5456,5523,5207,4902
892,1747,5457,5531,5191,4900
893,1749,5471,5537,5170,4904
894,1750,5479,5543,5221,4910
895,1753,5484,5558,5250,4915
896,1756,5484,5558,5192,4934
897,1758,5493,5561,5180,4931
898,1761,5502,5568,5188,4936
899,1778,5519,5584,5259,4966
900,1780,5527,5596,5217,4974
901,1782,5529,5602,5243,4971
902,1785,5543,5606,5287,4979
903,1788,5541,5611,5291,4984
904,1790,5551,5617,5318,4999
905,1792,5573,5630,5327,5007
906,1795,5569,5629,5266,5012
907,1797,5583,5639,5284,5011
908,1786,5568,5625,5283,5002
909,1788,5566,5631,5281,5019
910,1790,5579,5636,5264,5015
911,1793,5583,5644,5282,5030
912,1795,5592,5646,5281,5038
913,1798,5600,5653,5306,5037
914,1800,5602,5657,5305,5042
915,1804,5624,5669,5301,5051
916,1806,5615,5672,5320,5064
917,1808,5626,5687,5390,5067
918,1811,5636,5689,5315,5066
919,1812,5641,5690,5335,5076
920,1814,5643,5704,5411,5093
921,1817,5650,5705,5338,5089
922,1820,5653,5717,5430,5097
923,1823,5661,5717,5375,5100
924,1825,5674,5720,5385,5113
925,1827,5677,5732,5377,5113
926,1829,5687,5744,5371,5119
927,1833,5691,5742,5398,5134
928,1834,5694,5756,5432,5141
929,1837,5703,5763,5492,5148
930,1840,5715,5760,5418,5146
931,1842,5737,5767,5424,5153
932,1846,5730,5774,5470,5168
933,1847,5741,5780,5490,5176
934,1850,5742,5793,5423,5174
935,1852,5748,5793,5432,5175
936,1854,5741,5797,5441,5193
937,1856,5757,5805,5528,5189
938,1859,5757,5812,5524,5196
939,1862,5765,5816,5516,5211
940,1866,5768,5825,5479,5210
941,1868,5776,5839,5469,5215
942,1869,5778,5838,5546,5219
943,1872,5795,5843,5479,5237
944,1874,5794,5852,5489,5232
945,1876,5814,5856,5577,5239
946,1880,5812,5861,5497,5255
947,1898,5817,5867,5513,5256
948,1887,5822,5883,5583,5260
949,1889,5829,5880,5606,5264
950,1889,5836,5886,5575,5271
951,1892,5841,5902,5533,5287
952,1895,5870,5902,5537,5284
953,1896,5857,5907,5565,5288
954,1900,5864,5915,5663,5296
955,1902,5872,5921,5613,5302
956,1906,5880,5930,5653,5319
957,1907,5892,5940,5635,5314
958,1911,5887,5943,5573,5319
959,1912,5899,5949,5599,5326
960,1915,5906,5961,5592,5332
961,1918,5910,5964,5604,5350
962,1920,5915,5968,5602,5346
963,1923,5928,5979,5618,5362
964,1927,5938,5985,5609,5368
965,1929,5932,5992,5693,5367
966,1931,5944,5996,5698,5381
967,1934,5951,6011,5635,5381
968,1938,5968,6010,5638,5389
969,1939,5969,6016,5637,5391
970,1942,5983,6032,5710,5407
971,1944,5993,6032,5730,5413
972,1946,5989,6050,5736,5411
973,1949,5995,6042,5678,5417
974,1953,6010,6051,5681,5429
975,1954,6010,6059,5691,5430
976,1961,6044,6064,5791,5435
977,1960,6029,6072,5699,5454
978,1962,6025,6080,5716,5464
979,1964,6036,6086,5713,5466
980,1968,6047,6098,5726,5474
981,1970,6061,6105,5795,5469
982,1973,6060,6106,5738,5489
983,1976,6091,6120,5762,5490
984,1978,6080,6119,5762,5489
985,1982,6084,6126,5808,5506
986,1985,6085,6133,5849,5500
987,1986,6088,6140,5834,5510
988,1988,6106,6147,5838,5511
989,1991,6111,6151,5802,5519
990,1994,6124,6158,5783,5525
991,1996,6129,6163,5792,5530
992,1999,6123,6174,5818,5536
993,2002,6135,6176,5804,5554
994,2005,6145,6192,5812,5550
995,2008,6146,6197,5908,5566
996,2010,6147,6200,5907,5562
997,2012,6167,6206,5938,5572
998,2015,6165,6212,5910,5575
999,2017,6173,6222,5943,5581
1000,2020,6175,6234,5945,5597
