n,Baseline (copy+sort),Heap 4ary Branchless Parallel (O3),Tournament 4ary (O3),Loser 8ary (O3)
3,5,1,1,1
4,8,1,2,2
5,10,2,3,2
6,13,4,4,3
7,14,5,4,3
8,17,6,5,4
9,18,6,6,7
10,21,7,6,8
11,22,7,7,8
12,25,8,8,9
13,26,9,9,10
14,30,9,9,11
15,31,10,10,12
16,34,11,11,13
17,35,11,14,14
18,39,12,15,15
19,39,13,16,16
20,43,14,17,16
21,44,15,18,17
22,48,17,19,18
23,48,19,20,19
24,52,20,21,20
25,53,22,21,21
26,57,24,22,22
27,57,25,23,23
28,62,27,24,24
29,61,28,25,25
30,66,30,26,25
31,66,31,27,26
32,71,32,28,27
33,71,33,29,28
34,75,34,30,29
35,75,34,31,30
36,80,35,32,31
37,80,35,32,32
38,85,35,33,33
39,84,36,35,34
40,90,37,35,35
41,89,37,37,36
42,94,38,37,37
43,93,39,38,38
44,99,39,39,39
45,97,40,40,40
46,103,41,41,41
47,102,41,42,42
48,107,42,43,43
49,107,43,44,44
50,113,44,45,45
51,111,45,47,46
52,118,45,48,47
53,115,46,49,49
54,122,47,50,49
55,120,48,51,51
56,126,49,52,51
57,125,49,53,53
58,133,50,54,54
59,129,51,55,55
60,136,52,56,56
61,134,53,57,57
62,141,53,59,59
63,138,54,60,60
64,145,55,61,60
65,143,57,77,81
66,150,57,79,82
67,148,58,80,84
68,156,59,81,85
69,152,60,83,86
70,159,60,85,87
71,156,61,85,89
72,164,62,87,90
73,161,63,88,92
74,169,64,90,93
75,165,65,91,95
76,173,65,92,96
77,170,66,94,98
78,178,67,95,99
79,175,69,97,100
80,185,69,99,102
81,179,69,99,103
82,186,70,101,105
83,184,71,102,106
84,192,72,104,108
85,189,73,105,109
86,196,76,107,111
87,194,79,108,113
88,202,81,110,114
89,198,83,113,116
90,205,86,113,117
91,203,88,115,119
92,212,90,117,121
93,207,91,118,123
94,215,94,120,124
95,212,96,122,126
96,219,98,123,128
97,217,100,124,129
98,226,102,126,130
99,222,104,128,132
100,231,106,129,133
101,225,108,130,135
102,234,111,132,136
103,230,113,133,138
104,239,115,135,139
105,236,117,136,141
106,246,119,138,142
107,240,121,139,144
108,248,123,140,145
109,244,125,141,146
110,257,128,143,148
111,248,129,144,149
112,257,132,145,150
113,254,134,147,152
114,261,136,148,154
115,259,138,150,155
116,269,140,152,156
117,266,142,153,158
118,274,146,154,159
119,269,148,156,160
120,277,149,157,162
121,272,152,158,163
122,285,155,159,165
123,277,157,161,166
124,286,158,162,168
125,281,160,164,169
126,293,163,165,170
127,288,165,166,171
128,295,167,168,173
129,290,169,169,174
130,300,172,170,176
131,296,174,172,177
132,307,175,173,179
133,300,178,174,180
134,311,180,176,181
135,305,181,177,183
136,315,183,178,184
137,310,184,180,185
138,322,186,181,187
139,315,188,182,189
140,326,190,184,190
141,321,190,185,191
142,331,192,187,192
143,324,194,188,194
144,336,195,189,195
145,328,196,191,196
146,339,208,192,198
147,333,199,193,199
148,344,200,195,201
149,340,202,196,202
150,351,202,197,203
151,343,203,198,205
152,355,205,200,206
153,348,207,202,208
154,363,207,203,209
155,352,208,204,210
156,369,209,205,212
157,357,210,207,213
158,365,211,208,214
159,363,213,210,216
160,374,214,211,217
161,365,215,212,219
162,380,216,213,220
163,371,217,215,222
164,387,218,217,223
165,376,220,217,224
166,389,220,219,226
167,380,222,220,227
168,393,222,222,229
169,385,223,223,230
170,397,225,224,231
171,391,225,225,233
172,405,226,227,234
173,394,228,228,236
174,405,229,230,237
175,401,231,231,238
176,411,231,233,240
177,403,232,234,241
178,415,233,234,242
179,407,234,236,244
180,421,235,238,245
181,416,237,239,246
182,428,237,240,248
183,416,238,242,249
184,432,239,243,251
185,425,240,245,252
186,437,241,246,254
187,429,242,247,255
188,442,243,248,256
189,433,244,250,257
190,444,245,251,259
191,439,246,253,260
192,451,248,254,262
193,441,249,255,263
194,456,249,257,265
195,446,251,258,265
196,462,252,259,267
197,455,253,261,268
198,465,254,262,270
199,454,256,263,271
200,470,256,265,273
201,463,257,266,274
202,474,258,268,275
203,473,259,269,277
204,482,260,270,279
205,471,261,272,280
206,488,262,273,281
207,476,264,275,282
208,492,265,276,284
209,479,265,277,286
210,496,266,279,287
211,484,268,280,288
212,500,269,281,289
213,491,271,283,291
214,504,271,284,292
215,494,271,286,293
216,515,272,287,295
217,499,274,288,297
218,518,275,290,298
219,502,276,291,299
220,521,277,292,301
221,507,278,293,302
222,531,278,295,304
223,514,280,297,305
224,537,281,298,306
225,515,282,298,308
226,535,282,300,309
227,523,284,301,310
228,545,285,303,312
229,527,286,304,313
230,545,287,306,315
231,534,288,307,316
232,546,289,309,317
233,537,290,310,319
234,554,292,312,321
235,543,292,313,321
236,559,293,314,323
237,547,295,315,324
238,562,295,317,326
239,552,296,319,327
240,573,298,319,329
241,558,299,321,330
242,573,300,322,332
243,562,301,324,333
244,576,302,325,334
245,567,303,326,336
246,581,303,328,337
247,576,325,329,338
248,590,307,331,340
249,577,307,332,341
250,595,308,333,343
251,577,309,334,345
252,597,310,336,345
253,589,311,337,347
254,601,312,339,349
255,591,313,340,350
256,604,314,342,351
257,594,316,401,353
258,610,317,402,354
259,604,318,404,356
260,615,319,406,357
261,606,320,407,358
262,618,321,409,360
263,609,322,410,361
264,624,323,412,363
265,614,324,413,364
266,635,325,415,365
267,617,326,417,367
268,639,327,419,368
269,622,329,420,370
270,646,329,422,371
271,631,330,423,372
272,653,331,425,374
273,632,333,427,375
274,662,333,428,377
275,638,335,430,378
276,652,336,431,379
277,646,337,433,381
278,663,337,435,382
279,649,338,437,384
280,667,340,438,385
281,657,341,440,387
282,665,341,441,388
283,663,343,443,390
284,677,344,445,391
285,667,345,446,392
286,683,345,448,394
287,665,347,450,395
288,684,348,452,397
289,670,350,453,398
290,693,351,454,399
291,677,352,456,401
292,693,354,458,402
293,681,353,459,404
294,697,354,461,405
295,688,355,463,407
296,704,356,465,408
297,692,359,466,409
298,706,360,467,411
299,693,359,469,412
300,713,361,472,414
301,699,361,473,415
302,721,363,474,417
303,704,364,476,418
304,726,365,478,420
305,712,366,479,421
306,732,368,481,423
307,713,368,483,424
308,737,369,483,426
309,723,371,486,427
310,742,370,487,428
311,721,372,489,429
312,746,372,491,431
313,734,374,492,432
314,751,375,494,434
315,731,376,496,436
316,756,377,497,437
317,745,378,499,438
318,762,379,501,440
319,739,390,503,441
320,770,383,504,443
321,747,383,507,444
322,783,383,507,446
323,754,385,509,447
324,780,386,511,448
325,763,387,512,450
326,779,388,514,451
327,759,389,515,453
328,785,389,517,454
329,770,391,518,457
330,788,393,520,457
331,775,393,522,459
332,797,394,524,460
333,785,395,525,462
334,799,396,527,463
335,786,399,528,465
336,801,398,530,466
337,790,401,532,468
338,804,399,533,469
339,799,401,535,471
340,812,403,537,476
341,798,403,539,474
342,817,408,540,476
343,802,409,542,477
344,822,410,543,478
345,810,414,545,479
346,826,415,546,481
347,810,417,548,482
348,834,421,550,483
349,832,421,551,485
350,842,423,553,486
351,821,452,555,488
352,845,429,557,490
353,824,429,558,491
354,848,434,560,493
355,828,434,562,494
356,852,436,563,496
357,835,438,565,497
358,861,441,567,499
359,844,443,568,500
360,868,445,570,501
361,840,447,572,503
362,877,452,574,504
363,852,452,575,506
364,871,455,577,507
365,859,456,578,508
366,880,459,580,510
367,858,462,581,511
368,888,463,584,513
369,863,467,585,515
370,884,468,586,516
371,875,471,588,517
372,888,471,589,518
373,877,474,591,520
374,894,477,593,522
375,881,479,595,523
376,893,481,597,525
377,886,483,598,526
378,911,486,600,528
379,887,487,601,529
380,919,489,603,531
381,889,491,605,532
382,918,495,606,534
383,900,496,608,535
384,924,499,610,537
385,902,501,612,538
386,934,503,614,539
387,910,505,615,541
388,940,508,616,542
389,911,510,619,544
390,943,512,620,545
391,914,516,621,547
392,943,516,623,548
393,926,521,625,550
394,954,521,627,552
395,922,523,628,553
396,960,525,630,555
397,933,528,632,556
398,965,529,634,558
399,939,531,635,559
400,960,533,637,561
401,938,535,639,562
402,966,538,641,563
403,954,540,642,565
404,971,544,643,567
405,958,544,645,568
406,977,546,647,569
407,966,549,649,571
408,989,550,650,572
409,960,554,652,574
410,991,556,654,576
411,967,558,654,577
412,990,562,657,578
413,969,561,659,580
414,995,566,661,581
415,971,567,662,583
416,1002,570,663,584
417,989,570,665,586
418,1008,573,667,588
419,994,575,669,589
420,1008,578,671,591
421,992,580,672,592
422,1017,583,674,593
423,998,586,675,595
424,1019,588,677,596
425,1003,588,679,598
426,1031,592,681,600
427,1005,593,682,601
428,1046,597,684,603
429,1012,598,686,604
430,1044,602,688,605
431,1013,603,689,607
432,1045,608,691,609
433,1018,608,693,610
434,1049,638,694,612
435,1024,611,695,613
436,1053,613,697,615
437,1024,617,699,616
438,1049,620,701,617
439,1038,622,702,619
440,1064,624,705,621
441,1045,627,706,622
442,1062,630,708,624
443,1039,631,710,626
444,1080,635,711,627
445,1049,635,713,629
446,1078,640,715,630
447,1055,643,716,633
448,1083,644,722,633
449,1065,646,719,635
450,1091,698,721,637
451,1062,700,723,637
452,1105,702,724,639
453,1075,705,726,641
454,1104,708,728,642
455,1068,659,730,643
456,1121,713,731,645
457,1075,663,733,647
458,1118,719,734,649
459,1082,672,736,650
460,1109,671,737,651
461,1085,727,740,653
462,1113,729,741,656
463,1101,682,743,656
464,1121,684,744,657
465,1099,737,746,659
466,1129,686,748,661
467,1108,688,750,662
468,1122,691,752,664
469,1104,747,753,665
470,1136,752,756,667
471,1112,716,756,669
472,1142,702,758,670
473,1118,722,761,672
474,1137,765,762,673
475,1119,713,764,675
476,1154,716,765,676
477,1126,770,767,678
478,1152,720,769,679
479,1133,779,771,681
480,1157,721,772,682
481,1131,786,773,684
482,1176,728,775,686
483,1139,788,777,687
484,1181,734,779,689
485,1149,752,780,690
486,1172,740,782,691
487,1153,799,784,693
488,1173,802,786,695
489,1155,804,787,696
490,1181,811,789,698
491,1159,811,791,700
492,1186,755,792,701
493,1167,758,794,703
494,1192,763,796,705
495,1168,766,798,706
496,1198,768,799,707
497,1184,826,802,710
498,1206,784,803,711
499,1187,789,804,712
500,1220,788,806,714
501,1186,838,808,715
502,1214,843,810,717
503,1200,844,811,718
504,1221,785,813,720
505,1194,792,815,721
506,1230,851,816,723
507,1201,796,818,725
508,1238,855,820,726
509,1203,796,821,728
510,1255,799,823,729
511,1218,807,825,730
512,1258,809,827,732
513,1213,806,829,897
514,1258,816,831,900
515,1217,815,833,901
516,1255,819,834,903
517,1228,820,837,907
518,1260,822,840,909
519,1239,823,842,910
520,1262,828,843,912
521,1235,829,845,914
522,1265,832,847,915
523,1249,838,849,917
524,1272,853,851,920
525,1247,841,852,920
526,1282,838,854,923
527,1252,845,856,924
528,1279,853,858,926
529,1252,849,859,928
530,1290,851,861,930
531,1256,855,862,932
532,1301,859,865,933
533,1269,861,864,934
534,1307,863,866,935
535,1272,868,867,937
536,1308,869,868,939
537,1272,870,871,940
538,1308,869,872,942
539,1287,875,874,944
540,1303,875,875,946
541,1281,880,878,948
542,1312,883,880,949
543,1290,881,881,951
544,1311,887,882,953
545,1293,884,885,955
546,1328,892,887,957
547,1295,889,889,959
548,1324,892,890,960
549,1312,896,891,962
550,1330,901,893,964
551,1306,900,895,966
552,1338,902,897,968
553,1312,907,899,969
554,1337,907,900,971
555,1317,909,903,973
556,1351,970,904,975
557,1330,911,905,977
558,1385,917,908,979
559,1327,915,909,980
560,1379,924,911,982
561,1336,931,913,984
562,1362,925,914,986
563,1334,925,916,988
564,1362,927,917,989
565,1345,932,919,992
566,1367,933,921,993
567,1344,936,923,995
568,1382,935,929,997
569,1356,939,926,998
570,1382,942,929,1000
571,1358,943,930,1002
572,1393,945,932,1004
573,1366,947,933,1006
574,1389,946,935,1008
575,1367,950,938,1009
576,1409,950,940,1011
577,1374,954,941,1013
578,1403,954,944,1014
579,1385,957,944,1016
580,1409,960,945,1018
581,1379,960,947,1021
582,1424,964,951,1021
583,1390,965,951,1024
584,1419,967,952,1026
585,1391,972,954,1027
586,1424,970,957,1030
587,1398,973,958,1031
588,1426,974,960,1033
589,1406,982,961,1034
590,1438,978,963,1037
591,1415,982,965,1038
592,1449,979,966,1039
593,1409,1039,968,1042
594,1448,991,972,1045
595,1432,989,975,1049
596,1458,989,976,1049
597,1415,990,976,1051
598,1448,990,978,1052
599,1431,992,979,1053
600,1467,994,981,1055
601,1441,996,982,1056
602,1474,1053,985,1058
603,1440,1000,986,1060
604,1509,1056,988,1062
605,1439,1001,990,1064
606,1481,1008,990,1065
607,1445,1007,993,1067
608,1486,1009,994,1069
609,1451,1010,997,1071
610,1492,1011,998,1073
611,1457,1014,1001,1074
612,1487,1016,1002,1076
613,1468,1018,1003,1078
614,1501,1027,1007,1080
615,1469,1020,1007,1081
616,1510,1022,1009,1083
617,1471,1025,1010,1085
618,1502,1026,1012,1088
619,1482,1026,1014,1090
620,1514,1028,1016,1092
621,1490,1030,1019,1093
622,1515,1032,1019,1094
623,1483,1034,1021,1096
624,1523,1040,1023,1099
625,1485,1042,1024,1100
626,1540,1038,1027,1102
627,1496,1039,1028,1104
628,1534,1043,1031,1106
629,1495,1042,1031,1108
630,1527,1044,1034,1110
631,1495,1046,1036,1111
632,1528,1047,1036,1114
633,1514,1047,1040,1115
634,1544,1051,1042,1117
635,1521,1051,1042,1119
636,1545,1052,1046,1120
637,1512,1055,1047,1122
638,1566,1050,1050,1125
639,1521,1053,1050,1125
640,1561,1059,1052,1128
641,1523,1054,1054,1132
642,1569,1061,1055,1132
643,1530,1063,1057,1134
644,1577,1068,1059,1135
645,1539,1068,1062,1137
646,1576,1069,1063,1139
647,1550,1122,1064,1140
648,1594,1071,1067,1143
649,1564,1075,1069,1145
650,1595,1068,1070,1146
651,1564,1077,1071,1148
652,1596,1080,1073,1149
653,1565,1078,1076,1151
654,1589,1078,1076,1153
655,1566,1134,1079,1156
656,1597,1077,1080,1159
657,1565,1086,1082,1159
658,1604,1089,1084,1162
659,1566,1088,1086,1163
660,1601,1142,1088,1165
661,1575,1093,1090,1166
662,1604,1094,1091,1168
663,1591,1095,1093,1170
664,1619,1097,1095,1173
665,1600,1099,1111,1174
666,1638,1097,1098,1176
667,1592,1102,1099,1177
668,1647,1103,1102,1179
669,1595,1104,1103,1182
670,1647,1106,1105,1183
671,1602,1104,1108,1185
672,1638,1106,1109,1187
673,1605,1108,1111,1189
674,1639,1109,1114,1190
675,1606,1114,1117,1193
676,1643,1105,1116,1195
677,1616,1116,1118,1196
678,1655,1118,1120,1198
679,1620,1168,1122,1199
680,1666,1121,1123,1202
681,1631,1120,1127,1203
682,1677,1113,1127,1206
683,1633,1122,1129,1208
684,1671,1127,1132,1209
685,1642,1128,1132,1211
686,1679,1129,1134,1213
687,1639,1120,1136,1215
688,1738,1181,1138,1216
689,1645,1132,1139,1218
690,1699,1134,1142,1220
691,1658,1133,1143,1222
692,1702,1146,1144,1224
693,1660,1138,1149,1226
694,1702,1137,1148,1228
695,1661,1142,1150,1230
696,1705,1141,1153,1231
697,1673,1146,1155,1233
698,1701,1196,1156,1235
699,1674,1145,1157,1236
700,1710,1149,1159,1239
701,1675,1200,1161,1240
702,1724,1153,1164,1243
703,1679,1154,1165,1245
704,1722,1155,1167,1246
705,1679,1154,1168,1249
706,1732,1147,1170,1250
707,1695,1157,1172,1252
708,1740,1180,1173,1253
709,1697,1171,1175,1255
710,1742,1162,1177,1257
711,1699,1163,1179,1259
712,1737,1164,1182,1261
713,1717,1167,1182,1263
714,1749,1170,1185,1265
715,1711,1220,1187,1267
716,1754,1215,1188,1269
717,1715,1172,1189,1273
718,1764,1225,1193,1273
719,1722,1178,1194,1275
720,1788,1177,1196,1276
721,1736,1179,1197,1279
722,1766,1189,1199,1280
723,1727,1180,1201,1282
724,1812,1192,1203,1283
725,1743,1192,1205,1285
726,1777,1187,1206,1287
727,1741,1190,1208,1289
728,1781,1190,1210,1291
729,1744,1191,1212,1293
730,1785,1190,1213,1295
731,1756,1192,1216,1297
732,1805,1192,1217,1299
733,1753,1202,1219,1300
734,1805,1197,1221,1304
735,1750,1188,1222,1304
736,1796,1199,1225,1306
737,1769,1202,1227,1308
738,1809,1201,1228,1310
739,1775,1203,1230,1312
740,1820,1206,1232,1314
741,1764,1208,1233,1315
742,1819,1210,1235,1317
743,1774,1208,1236,1319
744,1822,1212,1239,1320
745,1792,1213,1241,1323
746,1828,1214,1243,1324
747,1786,1214,1245,1328
748,1832,1215,1246,1328
749,1796,1216,1248,1333
750,1833,1220,1251,1333
751,1791,1220,1252,1334
752,1847,1231,1253,1335
753,1807,1268,1256,1338
754,1856,1225,1259,1339
755,1807,1279,1259,1342
756,1852,1228,1262,1344
757,1835,1273,1263,1347
758,1897,1230,1264,1347
759,1817,1231,1267,1349
760,1873,1233,1268,1352
761,1827,1234,1270,1354
762,1863,1238,1271,1355
763,1835,1237,1274,1356
764,1889,1248,1276,1359
765,1829,1242,1277,1361
766,1883,1240,1280,1362
767,1833,1243,1281,1364
768,1885,1243,1282,1366
769,1843,1247,1283,1368
770,1889,1247,1287,1371
771,1860,1249,1289,1373
772,1903,1249,1290,1374
773,1852,1251,1291,1375
774,1892,1252,1294,1379
775,1852,1253,1298,1380
776,1904,1255,1299,1382
777,1878,1256,1303,1384
778,1894,1258,1302,1386
779,1883,1262,1304,1388
780,1908,1281,1305,1390
781,1885,1261,1311,1392
782,1922,1263,1309,1393
783,1886,1265,1312,1395
784,1918,1267,1313,1397
785,1881,1322,1315,1399
786,1939,1270,1316,1400
787,1913,1271,1319,1403
788,1944,1273,1321,1406
789,1892,1273,1322,1407
790,1958,1275,1324,1408
791,1893,1276,1326,1410
792,1958,1287,1329,1415
793,1903,1279,1330,1414
794,1946,1281,1332,1416
795,1906,1283,1333,1418
796,1944,1284,1336,1420
797,1916,1286,1337,1422
798,1956,1286,1339,1424
799,1925,1289,1341,1426
800,1952,1290,1342,1428
801,1916,1291,1348,1430
802,1972,1292,1347,1432
803,1947,1293,1347,1433
804,1967,1297,1351,1435
805,1943,1298,1352,1437
806,1991,1318,1354,1441
807,1933,1319,1357,1441
808,1981,1303,1358,1445
809,1936,1304,1360,1445
810,1982,1303,1362,1448
811,1960,1304,1363,1449
812,1989,1362,1365,1452
813,1969,1310,1367,1453
814,2000,1310,1369,1455
815,1977,1312,1373,1457
816,1996,1315,1374,1459
817,1965,1316,1376,1461
818,2003,1315,1377,1462
819,1965,1318,1380,1465
820,2020,1320,1382,1466
821,1984,1320,1382,1469
822,2030,1321,1385,1470
823,1977,1327,1385,1472
824,2031,1385,1388,1475
825,1976,1325,1389,1477
826,2036,1330,1392,1478
827,1980,1330,1393,1481
828,2029,1329,1397,1484
829,1989,1332,1397,1484
830,2032,1333,1400,1487
831,2007,1333,1402,1489
832,2049,1381,1403,1490
833,2019,1338,1406,1492
834,2047,1338,1407,1494
835,2004,1341,1409,1496
836,2043,1343,1413,1499
837,2007,1345,1412,1501
838,2076,1345,1414,1501
839,2016,1346,1417,1504
840,2050,1348,1419,1507
841,2040,1349,1421,1507
842,2073,1352,1426,1509
843,2048,1351,1424,1512
844,2076,1354,1426,1515
845,2031,1353,1428,1517
846,2075,1358,1430,1518
847,2059,1359,1433,1520
848,2085,1381,1434,1521
849,2039,1365,1438,1523
850,2104,1368,1437,1524
851,2056,1367,1441,1527
852,2090,1365,1443,1528
853,2049,1367,1443,1531
854,2128,1426,1448,1534
855,2051,1370,1447,1535
856,2130,1371,1450,1537
857,2074,1373,1452,1539
858,2121,1374,1454,1541
859,2070,1374,1455,1544
860,2111,1377,1458,1545
861,2078,1397,1461,1547
862,2133,1378,1460,1549
863,2068,1380,1462,1551
864,2114,1445,1465,1553
865,2086,1389,1467,1554
866,2123,1385,1468,1556
867,2079,1406,1470,1560
868,2147,1406,1471,1561
869,2095,1389,1474,1562
870,2127,1393,1477,1566
871,2098,1394,1478,1570
872,2139,1394,1482,1568
873,2099,1397,1482,1572
874,2141,1397,1483,1573
875,2107,1404,1485,1576
876,2151,1400,1503,1577
877,2110,1403,1490,1579
878,2171,1402,1491,1581
879,2126,1406,1493,1583
880,2161,1410,1496,1585
881,2118,1410,1499,1589
882,2192,1409,1502,1590
883,2132,1409,1502,1591
884,2203,1414,1504,1593
885,2129,1413,1508,1594
886,2174,1414,1509,1600
887,2147,1419,1514,1600
888,2199,1420,1511,1602
889,2148,1419,1515,1604
890,2189,1423,1519,1609
891,2147,1425,1519,1610
892,2205,1425,1521,1610
893,2160,1428,1526,1613
894,2210,1427,1527,1616
895,2160,1439,1528,1618
896,2213,1438,1530,1620
897,2166,1492,1532,1621
898,2215,1493,1532,1624
899,2172,1494,1535,1627
900,2222,1498,1540,1627
901,2165,1498,1539,1631
902,2225,1515,1543,1632
903,2174,1501,1543,1634
904,2226,1504,1544,1637
905,2187,1504,1548,1639
906,2252,1506,1549,1641
907,2178,1508,1552,1643
908,2241,1510,1553,1644
909,2200,1511,1555,1645
910,2256,1512,1557,1650
911,2200,1514,1559,1652
912,2237,1516,1563,1653
913,2199,1522,1566,1655
914,2266,1519,1566,1657
915,2202,1524,1567,1660
916,2249,1522,1570,1663
917,2208,1524,1571,1665
918,2267,1525,1573,1665
919,2215,1526,1575,1667
920,2266,1533,1578,1670
921,2225,1535,1586,1673
922,2275,1531,1583,1674
923,2256,1533,1588,1678
924,2307,1535,1587,1678
925,2227,1537,1588,1682
926,2284,1538,1592,1684
927,2239,1540,1594,1686
928,2282,1549,1595,1688
929,2251,1544,1600,1690
930,2298,1545,1599,1692
931,2254,1547,1601,1695
932,2298,1549,1603,1699
933,2256,1550,1608,1699
934,2329,1551,1610,1701
935,2250,1567,1612,1702
936,2323,1558,1613,1707
937,2271,1570,1613,1709
938,2325,1557,1617,1709
939,2283,1564,1620,1712
940,2346,1561,1620,1715
941,2270,1564,1624,1716
942,2320,1564,1627,1719
943,2271,1566,1627,1723
944,2334,1573,1630,1724
945,2284,1570,1632,1730
946,2318,1571,1634,1726
947,2298,1573,1636,1730
948,2346,1574,1637,1733
949,2287,1577,1640,1733
950,2331,1578,1642,1736
951,2308,1580,1644,1739
952,2340,1582,1647,1740
953,2301,1583,1649,1741
954,2369,1584,1651,1746
955,2320,1586,1653,1746
956,2359,1593,1656,1748
957,2310,1590,1657,1753
958,2374,1591,1660,1753
959,2311,1594,1663,1756
960,2377,1594,1662,1759
961,2314,1596,1669,1764
962,2383,1598,1668,1764
963,2333,1599,1672,1766
964,2397,1601,1671,1769
965,2329,1603,1674,1769
966,2403,1618,1676,1770
967,2334,1606,1679,1774
968,2404,1608,1682,1776
969,2347,1610,1683,1779
970,2400,1611,1684,1779
971,2354,1613,1685,1784
972,2392,1614,1688,1785
973,2347,1616,1690,1787
974,2391,1617,1694,1788
975,2369,1620,1693,1792
976,2412,1621,1696,1793
977,2360,1623,1699,1795
978,2406,1624,1701,1798
979,2372,1626,1705,1799
980,2425,1627,1710,1802
981,2375,1630,1709,1804
982,2413,1631,1712,1805
983,2376,1632,1712,1808
984,2442,1635,1714,1813
985,2379,1636,1715,1814
986,2440,1638,1721,1815
987,2378,1639,1723,1819
988,2445,1643,1723,1821
989,2412,1642,1724,1821
990,2463,1643,1730,1823
991,2395,1664,1732,1825
992,2482,1648,1731,1831
993,2398,1649,1737,1834
994,2508,1651,1733,1833
995,2437,1653,1740,1834
996,2459,1654,1742,1836
997,2412,1658,1747,1845
998,2483,1660,1750,1849
999,2428,1662,1755,1852
1000,2458,1669,1756,1854
