n,Tournament 4ary,Tournament 8ary
3,1,1
4,2,2
5,3,2
6,4,3
7,4,4
8,5,4
9,6,7
10,6,8
11,7,9
12,8,10
13,9,11
14,9,11
15,10,12
16,11,13
17,14,14
18,15,15
19,16,16
20,17,17
21,18,17
22,19,18
23,20,19
24,21,20
25,22,21
26,23,22
27,23,23
28,24,24
29,26,26
30,27,26
31,28,27
32,32,30
33,31,31
34,31,30
35,32,31
36,35,32
37,34,32
38,35,33
39,36,35
40,36,35
41,37,36
42,38,37
43,39,38
44,40,39
45,41,40
46,42,41
47,45,42
48,45,43
49,45,44
50,47,46
51,47,45
52,48,47
53,49,48
54,52,49
55,53,51
56,54,52
57,56,54
58,58,55
59,57,55
60,58,57
61,58,58
62,60,59
63,66,64
64,67,65
65,82,103
66,84,100
67,85,97
68,87,98
69,85,99
70,87,100
71,88,102
72,92,103
73,95,107
74,94,107
75,94,108
76,95,110
77,97,112
78,98,114
79,99,116
80,101,117
81,102,118
82,104,120
83,107,121
84,106,123
85,111,126
86,111,131
87,112,132
88,114,132
89,115,137
90,118,138
91,118,140
92,120,141
93,124,144
94,124,145
95,127,146
96,128,148
97,131,150
98,132,152
99,131,151
100,133,153
101,134,155
102,137,159
103,138,159
104,139,160
105,143,166
106,142,167
107,145,166
108,144,170
109,145,172
110,152,173
111,153,187
112,150,180
113,154,176
114,157,180
115,157,182
116,159,186
117,160,192
118,162,202
119,167,196
120,163,193
121,165,196
122,168,193
123,168,195
124,170,196
125,170,197
126,171,199
127,173,201
128,176,202
129,178,205
130,181,206
131,177,206
132,180,208
133,182,209
134,183,212
135,187,213
136,186,214
137,185,215
138,187,218
139,190,220
140,190,219
141,192,221
142,193,223
143,194,226
144,195,225
145,202,232
146,201,237
147,200,236
148,205,236
149,207,238
150,204,239
151,206,240
152,206,241
153,210,243
154,211,243
155,210,246
156,212,248
157,213,248
158,217,249
159,216,252
160,219,255
161,221,257
162,220,258
163,223,260
164,223,260
165,225,262
166,227,266
167,228,267
168,229,270
169,232,269
170,232,270
171,233,274
172,236,274
173,237,275
174,239,281
175,240,282
176,240,282
177,243,284
178,243,287
179,244,285
180,248,291
181,253,295
182,253,309
183,271,312
184,266,297
185,255,303
186,257,301
187,267,301
188,258,302
189,259,304
190,263,313
191,262,308
192,266,310
193,265,309
194,272,316
195,270,314
196,269,316
197,274,318
198,273,322
199,275,323
200,281,325
201,277,335
202,286,341
203,305,332
204,284,335
205,287,337
206,290,338
207,287,344
208,288,339
209,297,345
210,310,351
211,296,346
212,296,351
213,300,349
214,300,353
215,300,353
216,301,355
217,304,361
218,306,363
219,305,361
220,307,365
221,309,362
222,310,365
223,312,368
224,315,372
225,326,371
226,319,374
227,323,389
228,332,404
229,341,383
230,342,390
231,327,386
232,334,391
233,336,397
234,342,403
235,334,414
236,345,406
237,342,408
238,347,414
239,347,411
240,349,409
241,353,414
242,351,412
243,357,414
244,351,421
245,358,420
246,363,417
247,352,415
248,353,418
249,356,420
250,359,422
251,360,422
252,359,425
253,361,428
254,365,430
255,368,431
256,369,433
257,423,435
258,427,436
259,426,440
260,430,440
261,434,442
262,432,446
263,434,446
264,436,452
265,440,450
266,443,456
267,443,455
268,447,460
269,449,462
270,447,461
271,450,464
272,454,468
273,457,468
274,461,473
275,461,477
276,462,475
277,461,478
278,465,477
279,469,478
280,467,487
281,471,489
282,471,487
283,471,489
284,475,493
285,481,493
286,483,502
287,481,499
288,486,500
289,484,504
290,494,507
291,489,507
292,495,511
293,493,516
294,496,513
295,500,519
296,504,522
297,501,526
298,504,521
299,500,522
300,505,527
301,508,529
302,517,540
303,526,549
304,517,534
305,519,538
306,521,542
307,524,543
308,524,548
309,523,548
310,530,549
311,526,547
312,528,553
313,533,557
314,540,557
315,536,557
316,540,561
317,554,564
318,542,569
319,546,573
320,549,572
321,548,575
322,549,573
323,555,576
324,562,579
325,555,582
326,559,589
327,564,588
328,566,590
329,562,623
330,584,631
331,573,597
332,580,596
333,580,605
334,587,607
335,589,606
336,585,613
337,588,607
338,605,618
339,583,614
340,584,610
341,590,621
342,614,633
343,607,637
344,614,642
345,614,646
346,618,642
347,618,651
348,620,656
349,618,647
350,628,652
351,629,653
352,621,658
353,642,641
354,608,653
355,612,644
356,611,651
357,614,641
358,633,646
359,620,649
360,620,649
361,621,657
362,627,657
363,628,652
364,623,661
365,631,666
366,640,664
367,635,686
368,673,663
369,646,678
370,638,676
371,641,677
372,650,675
373,645,677
374,649,681
375,661,683
376,650,691
377,655,688
378,655,700
379,667,694
380,658,693
381,667,701
382,668,699
383,665,706
384,667,707
385,669,704
386,680,712
387,674,713
388,675,712
389,683,719
390,686,724
391,682,720
392,683,721
393,686,725
394,688,729
395,692,728
396,690,738
397,693,738
398,704,741
399,695,731
400,697,743
401,710,740
402,709,738
403,704,739
404,703,754
405,710,748
406,727,752
407,714,759
408,715,758
409,717,757
410,720,766
411,721,772
412,737,776
413,726,767
414,735,777
415,731,775
416,732,774
417,734,770
418,733,775
419,739,779
420,739,781
421,742,783
422,745,787
423,781,792
424,751,792
425,754,794
426,751,796
427,762,807
428,756,799
429,759,807
430,774,808
431,767,833
432,761,804
433,762,808
434,768,812
435,769,847
436,784,826
437,785,829
438,787,825
439,786,836
440,791,836
441,778,826
442,779,826
443,783,829
444,785,831
445,795,833
446,803,840
447,810,840
448,795,841
449,796,843
450,804,855
451,808,855
452,812,859
453,807,861
454,805,859
455,817,861
456,816,871
457,823,882
458,821,875
459,828,872
460,821,876
461,827,877
462,826,875
463,834,873
464,835,882
465,836,895
466,835,879
467,842,884
468,833,882
469,833,885
470,838,892
471,845,898
472,854,904
473,851,904
474,870,924
475,850,909
476,852,901
477,857,914
478,858,914
479,870,920
480,862,917
481,863,922
482,869,924
483,868,925
484,874,926
485,878,932
486,895,934
487,879,947
488,878,934
489,888,944
490,891,939
491,897,948
492,898,955
493,895,953
494,896,956
495,897,960
496,898,957
497,903,960
498,902,960
499,906,966
500,903,965
501,914,972
502,911,968
503,907,970
504,909,971
505,913,972
506,912,975
507,917,977
508,922,989
509,919,985
510,921,978
511,919,979
512,919,981
513,922,1139
514,926,1144
515,926,1145
516,928,1168
517,941,1160
518,932,1154
519,940,1162
520,958,1178
521,946,1177
522,949,1182
523,951,1184
524,956,1189
525,956,1174
526,967,1186
527,962,1177
528,953,1182
529,953,1180
530,958,1185
531,962,1188
532,961,1193
533,966,1198
534,966,1197
535,969,1198
536,969,1202
537,973,1205
538,972,1205
539,975,1206
540,978,1210
541,979,1211
542,982,1215
543,988,1220
544,986,1222
545,987,1224
546,993,1225
547,994,1229
548,994,1232
549,998,1236
550,1000,1242
551,1008,1270
552,1011,1250
553,1013,1253
554,1030,1266
555,1016,1266
556,1013,1270
557,1015,1259
558,1023,1261
559,1031,1285
560,1039,1279
561,1039,1274
562,1032,1288
563,1038,1294
564,1047,1295
565,1042,1293
566,1041,1298
567,1042,1295
568,1048,1287
569,1045,1289
570,1070,1291
571,1089,1325
572,1065,1320
573,1055,1315
574,1056,1310
575,1059,1307
576,1060,1315
577,1065,1316
578,1076,1331
579,1068,1333
580,1074,1325
581,1088,1326
582,1080,1346
583,1087,1343
584,1076,1336
585,1088,1337
586,1082,1355
587,1084,1342
588,1086,1343
589,1090,1348
590,1087,1353
591,1091,1354
592,1094,1370
593,1099,1359
594,1092,1351
595,1102,1375
596,1096,1364
597,1109,1380
598,1108,1368
599,1103,1365
600,1103,1368
601,1107,1385
602,1123,1374
603,1110,1375
604,1111,1377
605,1113,1380
606,1133,1388
607,1139,1394
608,1131,1399
609,1145,1400
610,1134,1406
611,1137,1406
612,1136,1406
613,1156,1450
614,1165,1431
615,1145,1432
616,1158,1433
617,1161,1437
618,1149,1432
619,1155,1430
620,1169,1430
621,1171,1445
622,1154,1435
623,1154,1453
624,1168,1450
625,1178,1453
626,1175,1460
627,1193,1461
628,1183,1452
629,1174,1468
630,1180,1460
631,1205,1476
632,1184,1471
633,1194,1475
634,1184,1467
635,1195,1485
636,1194,1489
637,1202,1493
638,1210,1486
639,1204,1497
640,1206,1495
641,1212,1502
642,1203,1489
643,1207,1505
644,1218,1511
645,1235,1505
646,1216,1501
647,1216,1520
648,1231,1522
649,1228,1518
650,1256,1529
651,1287,1562
652,1225,1524
653,1239,1521
654,1228,1512
655,1224,1515
656,1245,1523
657,1246,1523
658,1233,1536
659,1245,1558
660,1232,1542
661,1236,1534
662,1236,1535
663,1248,1541
664,1254,1549
665,1251,1547
666,1252,1578
667,1255,1554
668,1258,1559
669,1270,1575
670,1259,1562
671,1261,1565
672,1268,1576
673,1284,1574
674,1279,1587
675,1276,1581
676,1285,1601
677,1277,1581
678,1269,1576
679,1273,1595
680,1283,1594
681,1286,1595
682,1291,1598
683,1301,1604
684,1304,1612
685,1302,1621
686,1296,1606
687,1298,1610
688,1302,1628
689,1305,1619
690,1304,1619
691,1318,1632
692,1321,1641
693,1328,1635
694,1317,1636
695,1317,1639
696,1337,1650
697,1325,1643
698,1336,1652
699,1333,1659
700,1339,1670
701,1336,1660
702,1339,1655
703,1349,1662
704,1345,1679
705,1345,1666
706,1361,1662
707,1346,1665
708,1335,1666
709,1340,1681
710,1352,1687
711,1365,1685
712,1365,1688
713,1365,1693
714,1360,1686
715,1363,1690
716,1366,1693
717,1368,1699
718,1392,1736
719,1372,1699
720,1376,1702
721,1375,1704
722,1378,1710
723,1390,1709
724,1384,1712
725,1383,1718
726,1385,1720
727,1393,1718
728,1394,1727
729,1396,1737
730,1398,1732
731,1392,1726
732,1387,1726
733,1388,1731
734,1393,1728
735,1410,1731
736,1396,1737
737,1401,1740
738,1414,1741
739,1416,1754
740,1418,1759
741,1429,1762
742,1426,1765
743,1423,1767
744,1429,1771
745,1430,1773
746,1431,1777
747,1430,1775
748,1433,1779
749,1447,1785
750,1440,1785
751,1441,1788
752,1444,1795
753,1447,1795
754,1450,1796
755,1452,1799
756,1459,1800
757,1455,1807
758,1459,1810
759,1459,1813
760,1469,1813
761,1467,1816
762,1467,1822
763,1480,1821
764,1469,1827
765,1476,1829
766,1476,1831
767,1479,1835
768,1482,1832
769,1477,1836
770,1474,1839
771,1490,1843
772,1492,1852
773,1494,1853
774,1500,1852
775,1494,1859
776,1503,1858
777,1501,1857
778,1511,1868
779,1507,1868
780,1510,1871
781,1510,1875
782,1513,1879
783,1516,1880
784,1517,1886
785,1522,1886
786,1524,1886
787,1525,1898
788,1529,1898
789,1538,1903
790,1534,1902
791,1532,1906
792,1537,1910
793,1539,1910
794,1541,1910
795,1535,1914
796,1554,1915
797,1547,1920
798,1546,1910
799,1540,1913
800,1545,1925
801,1545,1921
802,1543,1918
803,1546,1923
804,1547,1928
805,1552,1927
806,1558,1934
807,1567,1935
808,1569,1948
809,1569,1954
810,1578,1957
811,1582,1957
812,1582,1967
813,1589,1964
814,1587,1969
815,1585,1972
816,1596,1975
817,1596,1976
818,1596,1979
819,1585,1982
820,1589,1970
821,1602,1981
822,1606,1990
823,1595,1985
824,1593,1982
825,1607,1986
826,1602,1990
827,1605,1992
828,1604,1994
829,1610,1995
830,1610,2005
831,1618,2005
832,1617,2007
833,1618,2009
834,1631,2013
835,1636,2028
836,1638,2032
837,1638,2026
838,1643,2043
839,1639,2028
840,1648,2035
841,1646,2047
842,1652,2049
843,1653,2055
844,1659,2052
845,1663,2060
846,1660,2059
847,1666,2065
848,1671,2066
849,1667,2067
850,1669,2071
851,1674,2078
852,1677,2077
853,1679,2080
854,1686,2085
855,1684,2086
856,1687,2089
857,1693,2092
858,1691,2097
859,1693,2099
860,1695,2100
861,1698,2101
862,1697,2108
863,1702,2111
864,1704,2111
865,1703,2117
866,1710,2118
867,1711,2122
868,1717,2126
869,1724,2129
870,1717,2122
871,1710,2121
872,1711,2123
873,1712,2127
874,1717,2130
875,1717,2132
876,1719,2137
877,1720,2138
878,1725,2140
879,1725,2146
880,1735,2146
881,1749,2163
882,1751,2168
883,1753,2169
884,1756,2173
885,1758,2176
886,1769,2180
887,1764,2184
888,1762,2183
889,1767,2186
890,1763,2190
891,1773,2204
892,1775,2195
893,1776,2198
894,1778,2206
895,1784,2205
896,1785,2211
897,1782,2212
898,1787,2214
899,1792,2213
900,1797,2225
901,1794,2224
902,1800,2223
903,1798,2233
904,1804,2232
905,1805,2233
906,1810,2244
907,1811,2242
908,1815,2252
909,1815,2247
910,1816,2251
911,1815,2246
912,1821,2253
913,1819,2255
914,1825,2259
915,1830,2265
916,1834,2277
917,1821,2261
918,1845,2261
919,1821,2261
920,1830,2269
921,1831,2270
922,1840,2273
923,1836,2279
924,1838,2283
925,1837,2283
926,1845,2281
927,1841,2286
928,1843,2288
929,1848,2292
930,1854,2300
931,1860,2305
932,1861,2311
933,1860,2303
934,1862,2308
935,1878,2312
936,1887,2337
937,1886,2334
938,1887,2339
939,1894,2339
940,1898,2347
941,1902,2347
942,1900,2351
943,1908,2352
944,1904,2363
945,1915,2359
946,1909,2361
947,1913,2366
948,1913,2372
949,1917,2371
950,1929,2381
951,1924,2378
952,1908,2380
953,1930,2383
954,1933,2386
955,1935,2394
956,1938,2401
957,1935,2400
958,1942,2407
959,1945,2404
960,1947,2407
961,1952,2408
962,1948,2410
963,1959,2419
964,1957,2417
965,1963,2425
966,1965,2434
967,1966,2429
968,1968,2434
969,1975,2438
970,1950,2424
971,1971,2427
972,1958,2427
973,1963,2433
974,1963,2432
975,1966,2438
976,1972,2440
977,1977,2442
978,1977,2448
979,1979,2452
980,1991,2452
981,2003,2473
982,2001,2479
983,2007,2480
984,2014,2485
985,2010,2488
986,2015,2493
987,2017,2497
988,2020,2494
989,2004,2485
990,2013,2493
991,2008,2486
992,2012,2486
993,2013,2492
994,2012,2499
995,2017,2505
996,2018,2504
997,2019,2509
998,2030,2508
999,2041,2508
1000,2028,2516
