n,Tournament Cache Branchless,Tournament 4ary,Loser 8ary
3,2,1,1
4,2,2,2
5,3,3,2
6,4,4,3
7,5,4,3
8,5,5,4
9,7,6,7
10,9,6,8
11,10,7,8
12,11,8,9
13,11,8,10
14,12,9,11
15,12,10,12
16,13,11,13
17,15,14,14
18,17,15,15
19,18,16,15
20,20,17,16
21,22,18,17
22,23,19,18
23,24,20,19
24,24,20,20
25,25,22,21
26,26,22,22
27,27,23,23
28,28,24,24
29,29,25,25
30,29,26,25
31,30,27,26
32,31,28,27
33,33,29,28
34,35,30,29
35,37,31,30
36,38,31,31
37,40,32,32
38,42,33,33
39,44,34,34
40,45,35,35
41,47,36,36
42,49,37,37
43,50,38,38
44,52,39,39
45,53,40,40
46,54,42,41
47,55,42,42
48,56,44,43
49,56,44,44
50,57,45,45
51,58,46,46
52,59,47,47
53,60,49,48
54,61,50,50
55,63,51,51
56,64,52,52
57,65,53,53
58,66,54,54
59,67,55,55
60,68,56,56
61,69,57,57
62,70,59,58
63,71,59,60
64,73,61,61
65,75,78,76
66,77,79,77
67,79,81,78
68,81,82,80
69,83,84,81
70,85,85,82
71,88,86,84
72,90,88,85
73,92,89,87
74,94,91,88
75,96,92,89
76,98,93,91
77,100,95,92
78,102,96,93
79,105,97,95
80,107,99,96
81,110,100,98
82,111,102,99
83,114,104,100
84,116,105,102
85,118,106,103
86,120,109,105
87,121,109,106
88,123,111,109
89,125,113,110
90,127,114,112
91,128,117,114
92,129,118,115
93,131,119,117
94,132,121,119
95,134,122,120
96,134,124,122
97,136,126,123
98,137,127,124
99,138,129,126
100,140,130,127
101,140,131,128
102,142,133,130
103,143,134,132
104,144,136,133
105,145,137,134
106,146,139,136
107,147,140,137
108,148,141,139
109,150,143,140
110,151,144,141
111,152,145,143
112,153,147,145
113,154,149,146
114,155,150,147
115,156,151,148
116,157,153,150
117,159,154,151
118,159,156,152
119,161,157,154
120,162,158,155
121,164,160,157
122,165,161,158
123,166,162,159
124,167,164,161
125,168,165,162
126,169,166,164
127,171,168,165
128,172,169,166
129,174,171,168
130,176,172,169
131,179,173,171
132,181,174,172
133,183,176,173
134,185,178,174
135,187,178,176
136,190,180,177
137,192,182,179
138,194,183,180
139,197,184,181
140,199,186,183
141,202,187,184
142,204,189,185
143,206,190,187
144,209,191,188
145,211,192,190
146,214,194,191
147,216,195,192
148,219,196,194
149,221,198,195
150,224,199,197
151,226,201,198
152,229,202,200
153,231,203,201
154,234,204,203
155,236,206,203
156,238,207,205
157,241,209,206
158,244,210,208
159,246,212,210
160,247,213,211
161,249,214,212
162,252,215,213
163,254,217,215
164,256,218,216
165,259,220,218
166,260,221,219
167,263,222,220
168,264,223,222
169,266,225,223
170,268,226,224
171,270,228,226
172,272,229,228
173,273,230,229
174,275,232,230
175,276,233,232
176,278,234,233
177,279,236,235
178,281,237,236
179,282,239,237
180,283,240,238
181,284,242,240
182,285,242,242
183,287,244,242
184,288,245,244
185,289,247,246
186,290,248,247
187,291,249,249
188,292,251,249
189,293,252,251
190,294,254,253
191,296,255,254
192,296,257,256
193,298,258,257
194,299,260,258
195,300,261,259
196,302,262,261
197,303,264,262
198,304,265,263
199,305,266,265
200,306,267,267
201,307,269,268
202,308,270,270
203,310,272,271
204,311,273,272
205,312,275,274
206,313,276,275
207,314,278,277
208,316,279,278
209,317,280,280
210,318,282,281
211,319,283,283
212,320,284,284
213,321,286,285
214,323,287,287
215,324,288,288
216,325,290,290
217,327,291,292
218,328,292,293
219,330,294,294
220,331,295,296
221,332,296,297
222,333,298,298
223,335,299,300
224,336,301,301
225,336,302,302
226,337,303,304
227,339,305,305
228,340,306,306
229,342,308,308
230,343,309,310
231,344,310,311
232,345,311,312
233,347,313,314
234,348,314,315
235,350,316,317
236,351,317,318
237,352,319,319
238,354,320,321
239,355,321,322
240,357,323,324
241,358,324,325
242,360,325,327
243,361,327,329
244,363,328,330
245,364,334,331
246,366,331,333
247,367,332,334
248,368,334,335
249,370,335,337
250,371,337,338
251,373,338,339
252,375,340,341
253,376,341,342
254,377,342,344
255,379,344,345
256,381,345,347
257,384,404,348
258,386,404,350
259,388,406,352
260,390,408,353
261,393,410,354
262,395,410,356
263,398,413,357
264,400,414,359
265,403,416,361
266,405,418,362
267,408,420,363
268,410,421,365
269,413,423,366
270,415,425,367
271,418,426,369
272,420,427,371
273,423,429,372
274,425,431,374
275,428,433,375
276,430,434,376
277,433,436,377
278,436,437,380
279,438,439,381
280,440,442,382
281,443,442,384
282,446,444,385
283,450,445,388
284,452,448,391
285,454,450,390
286,456,451,392
287,459,452,393
288,462,454,394
289,464,455,396
290,466,457,397
291,468,459,399
292,472,460,400
293,474,462,401
294,477,463,403
295,479,465,404
296,482,467,406
297,484,469,407
298,488,470,408
299,490,472,410
300,492,474,412
301,495,475,413
302,497,477,416
303,500,478,417
304,503,480,418
305,505,482,419
306,508,484,420
307,510,484,422
308,514,486,424
309,516,488,425
310,518,490,427
311,522,492,428
312,524,493,430
313,527,496,432
314,529,497,433
315,532,498,434
316,535,500,437
317,537,502,437
318,540,503,439
319,543,504,441
320,545,507,441
321,547,508,443
322,550,510,445
323,553,512,447
324,556,514,447
325,557,515,449
326,561,517,451
327,563,524,452
328,566,520,454
329,567,522,455
330,571,523,457
331,572,525,458
332,575,526,460
333,577,528,461
334,579,531,462
335,582,532,464
336,584,533,465
337,586,534,467
338,589,536,468
339,590,537,469
340,593,540,472
341,595,542,473
342,597,543,475
343,599,545,476
344,601,547,478
345,603,548,479
346,604,549,480
347,607,552,482
348,608,553,483
349,610,555,485
350,612,556,487
351,614,558,488
352,615,560,490
353,617,562,491
354,618,563,493
355,620,565,494
356,621,567,496
357,623,568,497
358,625,570,499
359,626,572,501
360,627,574,502
361,629,575,503
362,631,577,504
363,632,578,506
364,633,580,508
365,635,582,509
366,636,583,510
367,638,585,512
368,639,587,514
369,640,588,515
370,641,590,517
371,644,591,518
372,645,593,520
373,646,595,521
374,648,596,523
375,649,599,524
376,651,600,526
377,652,602,528
378,654,603,530
379,655,605,531
380,657,606,532
381,658,608,534
382,660,610,535
383,661,612,536
384,663,613,538
385,664,615,540
386,666,617,542
387,667,618,543
388,669,621,544
389,670,622,546
390,671,624,548
391,672,626,549
392,674,627,550
393,675,628,553
394,677,630,553
395,678,631,555
396,680,633,557
397,681,635,558
398,682,637,559
399,684,639,561
400,685,641,563
401,687,642,565
402,688,644,566
403,690,646,568
404,691,647,568
405,692,649,570
406,694,649,571
407,695,652,573
408,697,653,575
409,699,655,576
410,700,657,577
411,701,659,579
412,703,660,581
413,704,662,582
414,705,664,584
415,707,666,586
416,708,667,588
417,710,670,589
418,711,671,590
419,712,673,592
420,714,674,593
421,715,676,594
422,717,678,596
423,718,679,599
424,720,681,600
425,721,683,601
426,723,685,603
427,724,687,605
428,726,688,606
429,727,690,608
430,729,691,609
431,730,693,611
432,731,696,612
433,733,696,614
434,735,699,616
435,736,700,617
436,738,702,619
437,739,704,620
438,740,705,622
439,742,707,623
440,742,708,624
441,744,710,626
442,745,712,628
443,747,714,629
444,748,715,631
445,750,717,632
446,751,719,634
447,753,720,635
448,755,722,637
449,755,723,638
450,756,725,640
451,758,727,642
452,760,728,643
453,761,730,644
454,762,732,646
455,764,734,647
456,765,735,649
457,766,736,650
458,767,739,652
459,769,740,653
460,770,742,655
461,772,743,657
462,773,744,657
463,775,746,659
464,776,747,661
465,777,749,662
466,779,751,664
467,780,753,665
468,781,771,667
469,783,757,668
470,784,758,670
471,785,760,671
472,787,761,673
473,789,763,675
474,790,765,676
475,792,766,677
476,793,768,679
477,795,770,681
478,796,772,682
479,797,774,684
480,799,775,685
481,800,777,687
482,801,778,689
483,803,780,690
484,805,782,692
485,806,783,693
486,807,786,695
487,809,787,696
488,810,789,698
489,812,791,700
490,813,792,701
491,814,795,703
492,816,796,705
493,818,798,706
494,819,800,707
495,820,801,709
496,822,803,711
497,823,804,712
498,824,806,714
499,826,808,716
500,827,810,717
501,828,812,719
502,830,813,721
503,831,815,722
504,832,816,724
505,833,818,725
506,835,820,727
507,836,822,728
508,837,824,730
509,839,825,732
510,840,827,733
511,841,829,736
512,844,831,737
513,847,833,851
514,850,834,852
515,853,837,855
516,855,838,857
517,858,840,858
518,861,842,860
519,864,844,863
520,866,845,864
521,869,847,866
522,872,849,867
523,875,851,870
524,878,852,871
525,881,854,873
526,884,855,875
527,887,858,876
528,891,863,879
529,893,861,880
530,896,863,882
531,899,865,884
532,901,866,886
533,904,868,888
534,907,870,889
535,910,871,891
536,912,873,892
537,916,874,894
538,919,876,896
539,922,878,900
540,926,880,900
541,929,882,902
542,931,883,903
543,934,885,906
544,937,887,907
545,940,889,909
546,943,891,913
547,948,893,913
548,950,894,915
549,953,896,917
550,956,898,919
551,959,899,920
552,962,900,923
553,965,902,924
554,968,904,926
555,972,908,928
556,976,908,929
557,979,910,932
558,981,913,934
559,985,913,936
560,988,916,937
561,990,917,940
562,994,919,941
563,998,922,942
564,1001,922,945
565,1004,925,947
566,1007,925,948
567,1010,927,950
568,1013,929,952
569,1016,932,954
570,1019,932,956
571,1023,935,957
572,1027,936,962
573,1029,938,961
574,1031,939,964
575,1036,940,965
576,1039,943,967
577,1042,944,971
578,1045,947,970
579,1048,949,973
580,1051,950,974
581,1055,953,977
582,1058,954,978
583,1059,955,980
584,1063,957,981
585,1066,959,984
586,1070,961,986
587,1074,963,988
588,1076,965,990
589,1080,966,992
590,1081,968,994
591,1085,970,995
592,1088,972,996
593,1092,973,1000
594,1094,975,1001
595,1098,976,1002
596,1100,978,1004
597,1105,980,1006
598,1107,982,1009
599,1108,984,1011
600,1112,985,1011
601,1117,988,1013
602,1119,989,1017
603,1122,991,1017
604,1124,992,1019
605,1127,994,1020
606,1129,996,1022
607,1132,999,1024
608,1135,999,1026
609,1138,1001,1029
610,1141,1004,1031
611,1143,1005,1032
612,1147,1008,1034
613,1150,1008,1036
614,1153,1010,1041
615,1156,1011,1041
616,1158,1014,1041
617,1161,1015,1045
618,1165,1017,1046
619,1167,1019,1047
620,1169,1020,1050
621,1172,1024,1050
622,1175,1026,1054
623,1178,1027,1055
624,1181,1029,1056
625,1184,1029,1058
626,1187,1031,1061
627,1190,1033,1062
628,1193,1034,1066
629,1196,1036,1066
630,1198,1040,1068
631,1202,1041,1070
632,1205,1042,1071
633,1207,1044,1074
634,1210,1045,1076
635,1213,1047,1078
636,1215,1051,1079
637,1217,1051,1081
638,1221,1058,1082
639,1224,1055,1085
640,1226,1057,1087
641,1230,1058,1088
642,1232,1060,1091
643,1235,1062,1092
644,1237,1064,1093
645,1241,1065,1094
646,1243,1068,1099
647,1245,1069,1100
648,1248,1070,1102
649,1252,1072,1103
650,1255,1074,1105
651,1257,1076,1109
652,1260,1079,1109
653,1263,1079,1112
654,1265,1083,1117
655,1268,1083,1114
656,1271,1085,1117
657,1274,1086,1118
658,1275,1089,1121
659,1278,1091,1122
660,1281,1093,1124
661,1284,1094,1127
662,1287,1095,1129
663,1288,1097,1130
664,1291,1099,1132
665,1294,1101,1135
666,1296,1103,1136
667,1300,1106,1140
668,1301,1108,1141
669,1304,1110,1144
670,1307,1110,1144
671,1308,1112,1146
672,1311,1114,1149
673,1314,1117,1150
674,1316,1118,1152
675,1319,1120,1155
676,1321,1122,1156
677,1324,1123,1158
678,1325,1125,1160
679,1327,1128,1164
680,1330,1129,1165
681,1333,1130,1166
682,1335,1132,1170
683,1338,1133,1169
684,1340,1137,1172
685,1343,1138,1174
686,1345,1140,1175
687,1346,1141,1177
688,1349,1143,1180
689,1351,1145,1180
690,1353,1147,1185
691,1355,1149,1184
692,1358,1152,1186
693,1359,1152,1188
694,1362,1153,1189
695,1364,1155,1191
696,1365,1158,1195
697,1368,1159,1197
698,1370,1162,1200
699,1372,1163,1200
700,1373,1165,1202
701,1376,1167,1205
702,1377,1167,1205
703,1379,1170,1207
704,1383,1172,1212
705,1385,1174,1211
706,1387,1175,1214
707,1389,1177,1214
708,1393,1183,1220
709,1396,1184,1223
710,1398,1187,1226
711,1400,1188,1227
712,1402,1190,1229
713,1404,1192,1231
714,1406,1195,1234
715,1407,1196,1235
716,1411,1198,1237
717,1412,1199,1238
718,1413,1200,1240
719,1414,1202,1243
720,1417,1203,1246
721,1421,1206,1245
722,1420,1209,1248
723,1422,1210,1250
724,1424,1212,1251
725,1427,1215,1255
726,1428,1216,1256
727,1429,1217,1257
728,1432,1220,1260
729,1434,1222,1264
730,1434,1223,1265
731,1434,1221,1261
732,1434,1223,1264
733,1435,1225,1266
734,1437,1227,1268
735,1440,1229,1272
736,1440,1230,1272
737,1444,1232,1276
738,1444,1233,1276
739,1446,1237,1277
740,1449,1237,1279
741,1450,1240,1281
742,1451,1241,1283
743,1455,1243,1284
744,1457,1246,1290
745,1456,1246,1290
746,1458,1248,1291
747,1462,1251,1293
748,1463,1253,1295
749,1464,1253,1297
750,1466,1256,1300
751,1467,1257,1300
752,1471,1260,1304
753,1470,1262,1310
754,1473,1264,1309
755,1474,1265,1308
756,1475,1267,1310
757,1477,1269,1312
758,1480,1270,1318
759,1481,1272,1316
760,1482,1275,1321
761,1484,1277,1320
762,1486,1282,1322
763,1488,1279,1325
764,1490,1282,1327
765,1492,1284,1327
766,1493,1285,1330
767,1495,1288,1334
768,1496,1292,1335
769,1499,1291,1341
770,1501,1294,1339
771,1502,1296,1341
772,1503,1297,1343
773,1506,1299,1346
774,1508,1300,1346
775,1509,1302,1349
776,1512,1305,1351
777,1512,1306,1353
778,1515,1307,1354
779,1517,1311,1358
780,1519,1312,1358
781,1520,1316,1362
782,1523,1315,1363
783,1525,1319,1366
784,1526,1318,1372
785,1527,1321,1370
786,1531,1323,1371
787,1532,1326,1373
788,1533,1327,1375
789,1536,1330,1377
790,1538,1331,1380
791,1539,1333,1382
792,1540,1335,1384
793,1542,1337,1384
794,1543,1338,1388
795,1545,1340,1389
796,1546,1343,1392
797,1549,1344,1394
798,1551,1346,1395
799,1553,1349,1399
800,1554,1351,1400
801,1556,1350,1402
802,1556,1353,1404
803,1559,1356,1407
804,1561,1360,1410
805,1564,1359,1410
806,1566,1362,1411
807,1566,1364,1414
808,1569,1366,1415
809,1570,1367,1418
810,1571,1369,1421
811,1574,1370,1424
812,1577,1372,1424
813,1578,1374,1426
814,1581,1376,1428
815,1581,1380,1431
816,1584,1379,1431
817,1586,1382,1433
818,1587,1386,1437
819,1589,1386,1438
820,1591,1387,1441
821,1593,1389,1441
822,1595,1391,1443
823,1598,1393,1446
824,1599,1395,1448
825,1599,1399,1449
826,1604,1400,1452
827,1604,1402,1454
828,1606,1402,1455
829,1608,1405,1458
830,1610,1407,1466
831,1611,1409,1465
832,1612,1410,1464
833,1615,1413,1466
834,1616,1414,1467
835,1618,1417,1470
836,1620,1418,1475
837,1622,1421,1474
838,1623,1422,1478
839,1624,1425,1478
840,1626,1426,1482
841,1631,1426,1483
842,1632,1430,1484
843,1633,1431,1489
844,1637,1434,1491
845,1636,1434,1495
846,1639,1437,1493
847,1641,1439,1494
848,1644,1442,1496
849,1642,1445,1499
850,1646,1445,1501
851,1647,1448,1507
852,1649,1450,1506
853,1651,1451,1508
854,1654,1453,1509
855,1655,1454,1511
856,1657,1461,1513
857,1657,1460,1515
858,1661,1462,1518
859,1662,1461,1520
860,1664,1463,1522
861,1665,1466,1522
862,1668,1467,1526
863,1670,1472,1526
864,1669,1473,1530
865,1672,1473,1534
866,1674,1475,1532
867,1677,1476,1537
868,1677,1479,1539
869,1679,1483,1539
870,1681,1484,1542
871,1684,1484,1544
872,1686,1487,1546
873,1687,1488,1548
874,1690,1489,1550
875,1689,1492,1553
876,1693,1495,1558
877,1694,1497,1557
878,1696,1504,1561
879,1700,1501,1561
880,1700,1502,1563
881,1701,1505,1567
882,1704,1508,1568
883,1707,1509,1571
884,1707,1511,1574
885,1710,1511,1573
886,1710,1514,1577
887,1714,1517,1580
888,1715,1518,1582
889,1715,1521,1582
890,1719,1523,1585
891,1720,1527,1589
892,1722,1527,1588
893,1726,1531,1592
894,1725,1530,1593
895,1728,1532,1596
896,1732,1534,1600
897,1733,1536,1602
898,1735,1538,1603
899,1735,1540,1606
900,1738,1543,1609
901,1739,1545,1610
902,1742,1548,1610
903,1744,1548,1615
904,1745,1550,1615
905,1748,1553,1619
906,1751,1554,1620
907,1756,1559,1624
908,1755,1561,1627
909,1759,1564,1627
910,1757,1566,1630
911,1762,1570,1633
912,1763,1570,1633
913,1767,1570,1634
914,1767,1573,1639
915,1769,1576,1641
916,1770,1577,1643
917,1774,1578,1645
918,1775,1582,1648
919,1778,1584,1649
920,1780,1585,1651
921,1781,1588,1654
922,1782,1589,1655
923,1783,1591,1657
924,1784,1591,1659
925,1787,1594,1663
926,1792,1595,1667
927,1792,1600,1676
928,1794,1601,1671
929,1796,1606,1674
930,1798,1606,1675
931,1799,1609,1675
932,1803,1612,1678
933,1804,1611,1681
934,1804,1615,1688
935,1807,1618,1685
936,1807,1616,1686
937,1810,1620,1691
938,1812,1622,1694
939,1814,1623,1697
940,1816,1628,1695
941,1818,1629,1699
942,1822,1643,1700
943,1822,1633,1702
944,1822,1635,1708
945,1826,1638,1707
946,1830,1640,1710
947,1833,1645,1714
948,1833,1642,1714
949,1836,1644,1720
950,1836,1647,1720
951,1837,1648,1718
952,1837,1655,1721
953,1839,1652,1722
954,1839,1654,1726
955,1843,1656,1729
956,1848,1659,1731
957,1849,1661,1737
958,1851,1662,1735
959,1852,1667,1740
960,1856,1671,1740
961,1854,1670,1743
962,1857,1675,1745
963,1860,1676,1748
964,1863,1676,1752
965,1863,1692,1752
966,1867,1681,1756
967,1868,1682,1756
968,1868,1687,1761
969,1871,1687,1764
970,1873,1688,1764
971,1874,1693,1768
972,1875,1696,1767
973,1879,1694,1771
974,1880,1698,1775
975,1884,1702,1777
976,1885,1702,1778
977,1885,1704,1779
978,1885,1705,1780
979,1890,1706,1782
980,1892,1711,1783
981,1891,1712,1788
982,1896,1714,1789
983,1896,1716,1792
984,1899,1721,1795
985,1904,1722,1803
986,1902,1724,1805
987,1905,1724,1801
988,1906,1726,1804
989,1909,1729,1807
990,1911,1734,1810
991,1911,1734,1808
992,1915,1734,1815
993,1917,1736,1814
994,1918,1739,1817
995,1918,1739,1820
996,1922,1744,1822
997,1927,1747,1827
998,1923,1745,1830
999,1926,1750,1830
1000,1931,1757,1831
