n,Heap Branchless Parallel,Heap 3ary Branchless Parallel,Heap 4ary Branchless Parallel
3,1,1,1
4,2,1,1
5,3,3,2
6,3,4,4
7,4,4,5
8,6,5,6
9,7,5,7
10,8,6,7
11,9,6,8
12,9,7,8
13,9,8,9
14,9,10,10
15,10,12,10
16,13,13,11
17,14,16,12
18,17,17,12
19,18,19,13
20,18,18,14
21,19,18,14
22,19,19,17
23,19,18,19
24,19,19,20
25,19,20,22
26,19,20,24
27,19,20,26
28,19,21,27
29,20,21,29
30,19,22,31
31,20,23,32
32,24,23,33
33,26,24,34
34,29,24,35
35,30,24,35
36,34,25,36
37,36,26,37
38,39,26,37
39,41,27,38
40,44,28,38
41,46,31,39
42,47,33,39
43,48,35,40
44,48,38,41
45,49,39,42
46,48,41,42
47,49,44,43
48,48,46,44
49,49,48,45
50,49,51,45
51,51,53,46
52,49,55,47
53,50,58,48
54,50,60,48
55,51,61,49
56,51,64,50
57,52,65,51
58,51,67,51
59,52,69,52
60,51,71,53
61,52,72,54
62,53,73,55
63,53,74,56
64,60,76,56
65,63,76,57
66,67,77,58
67,69,78,59
68,73,78,59
69,77,79,60
70,77,80,61
71,79,80,61
72,83,81,63
73,85,82,64
74,91,83,64
75,90,84,65
76,94,85,65
77,96,85,66
78,99,86,67
79,102,87,68
80,106,87,69
81,108,89,70
82,111,90,70
83,113,90,72
84,115,92,74
85,117,93,73
86,118,94,76
87,119,95,79
88,120,96,81
89,121,97,83
90,121,97,86
91,123,99,88
92,122,101,90
93,122,102,92
94,123,104,94
95,124,103,97
96,123,105,98
97,125,105,101
98,125,106,103
99,126,107,105
100,126,108,107
101,127,109,108
102,128,111,111
103,129,111,114
104,129,111,116
105,129,112,117
106,130,114,120
107,131,114,122
108,131,115,124
109,132,115,126
110,133,116,129
111,133,118,131
112,132,119,133
113,134,118,135
114,133,119,138
115,134,120,139
116,134,134,142
117,136,121,144
118,135,123,148
119,137,123,164
120,137,124,152
121,138,125,155
122,137,129,157
123,139,131,160
124,139,134,163
125,139,136,164
126,140,138,168
127,141,141,169
128,145,144,171
129,147,147,172
130,151,148,176
131,157,152,179
132,157,153,182
133,160,155,182
134,162,158,185
135,165,160,187
136,168,162,189
137,171,165,191
138,177,166,193
139,176,169,195
140,181,171,197
141,183,173,198
142,186,175,200
143,188,178,201
144,194,181,203
145,195,181,203
146,198,184,205
147,201,188,207
148,205,188,207
149,207,192,209
150,211,194,211
151,214,197,212
152,216,199,213
153,220,202,215
154,223,203,215
155,225,207,217
156,230,207,218
157,232,211,219
158,236,214,219
159,238,216,221
160,243,220,222
161,247,223,223
162,251,225,224
163,253,226,225
164,256,231,226
165,258,233,228
166,261,234,227
167,264,240,229
168,266,240,231
169,268,243,232
170,270,246,232
171,272,249,233
172,275,251,234
173,275,255,236
174,278,257,236
175,278,257,237
176,283,263,238
177,281,264,239
178,282,265,240
179,285,268,242
180,283,270,243
181,285,274,244
182,285,276,244
183,285,277,245
184,288,279,247
185,287,282,248
186,288,283,248
187,289,285,249
188,287,286,251
189,291,288,252
190,290,291,252
191,293,292,254
192,290,293,255
193,291,294,256
194,292,296,256
195,292,298,257
196,293,300,259
197,294,300,279
198,294,302,260
199,295,304,261
200,294,304,262
201,296,306,264
202,298,307,264
203,298,308,266
204,298,311,267
205,301,315,269
206,299,311,268
207,300,313,270
208,305,315,271
209,301,316,272
210,301,316,273
211,303,318,294
212,302,319,275
213,304,320,293
214,304,322,276
215,305,322,277
216,305,324,279
217,308,324,279
218,307,325,280
219,309,328,281
220,308,328,282
221,310,350,284
222,312,330,284
223,315,331,285
224,315,332,287
225,314,334,308
226,312,361,289
227,314,335,289
228,314,337,291
229,349,338,292
230,315,339,292
231,317,339,294
232,352,368,295
233,319,342,295
234,318,343,317
235,354,345,297
236,320,345,299
237,321,346,300
238,323,349,300
239,324,375,301
240,323,349,302
241,324,350,303
242,325,351,325
243,327,353,326
244,327,354,308
245,327,355,329
246,328,384,330
247,330,358,309
248,330,358,311
249,332,360,312
250,331,361,312
251,333,361,314
252,333,363,314
253,334,364,315
254,335,365,317
255,336,367,317
256,376,367,319
257,343,369,319
258,346,369,322
259,348,371,322
260,357,371,323
261,355,372,324
262,359,375,324
263,360,375,325
264,366,376,327
265,369,378,328
266,371,407,328
267,372,379,329
268,377,381,332
269,379,381,332
270,382,383,332
271,386,385,334
272,390,384,335
273,391,386,336
274,395,387,337
275,397,388,338
276,403,390,341
277,404,391,340
278,408,391,341
279,410,393,342
280,415,394,343
281,417,395,344
282,421,396,346
283,423,397,346
284,430,398,346
285,430,399,348
286,434,402,348
287,437,400,350
288,441,402,351
289,445,403,351
290,447,405,352
291,450,405,353
292,455,407,356
293,459,408,356
294,461,410,356
295,465,412,357
296,467,411,358
297,472,413,359
298,476,414,360
299,477,415,361
300,483,415,362
301,486,418,364
302,490,418,366
303,491,419,365
304,496,420,368
305,499,424,368
306,510,422,368
307,505,424,369
308,513,424,371
309,513,426,372
310,518,427,372
311,520,429,373
312,570,429,375
313,527,433,375
314,531,431,377
315,534,435,377
316,541,437,378
317,544,434,379
318,545,436,380
319,553,436,383
320,552,438,382
321,555,439,386
322,559,440,387
323,565,441,387
324,566,441,386
325,568,443,388
326,571,444,413
327,575,446,389
328,579,448,391
329,581,447,392
330,583,448,392
331,588,485,393
332,591,451,395
333,593,452,398
334,624,453,396
335,597,456,397
336,602,456,399
337,604,457,400
338,607,457,400
339,609,459,402
340,611,460,428
341,614,460,405
342,616,463,423
343,620,463,409
344,618,465,411
345,622,465,438
346,623,477,416
347,624,469,418
348,626,468,446
349,627,471,422
350,668,471,425
351,633,472,429
352,631,484,429
353,635,511,431
354,634,475,434
355,635,478,435
356,678,478,437
357,637,480,439
358,638,480,442
359,641,481,447
360,642,483,447
361,644,485,451
362,642,484,453
363,646,485,456
364,648,487,456
365,711,490,458
366,647,492,461
367,648,495,465
368,650,498,465
369,653,525,468
370,650,503,498
371,650,504,472
372,651,508,475
373,654,509,476
374,656,512,482
375,655,515,483
376,683,516,484
377,722,519,514
378,656,560,489
379,662,524,491
380,658,528,522
381,660,528,495
382,660,532,498
383,661,534,500
384,665,536,502
385,665,538,507
386,669,541,507
387,668,543,509
388,667,546,511
389,667,549,515
390,670,552,516
391,669,553,518
392,668,557,520
393,671,559,522
394,671,561,525
395,672,565,527
396,680,568,529
397,675,569,531
398,674,573,536
399,675,575,536
400,677,577,539
401,678,581,540
402,685,623,543
403,678,584,544
404,679,589,547
405,682,590,549
406,682,592,552
407,682,595,554
408,683,597,588
409,684,600,559
410,684,603,560
411,691,605,563
412,687,608,566
413,690,611,568
414,689,614,570
415,691,614,572
416,690,619,577
417,708,620,578
418,691,624,579
419,695,649,583
420,693,629,584
421,694,630,586
422,695,634,589
423,696,660,591
424,696,639,593
425,699,641,595
426,699,644,598
427,702,645,602
428,704,651,602
429,709,651,604
430,702,654,608
431,704,662,610
432,703,659,614
433,706,662,614
434,706,666,617
435,707,666,620
436,707,670,622
437,709,673,626
438,709,674,631
439,710,677,630
440,711,681,633
441,713,684,633
442,713,685,636
443,716,688,640
444,717,694,642
445,716,692,645
446,719,719,648
447,721,745,650
448,718,700,653
449,785,751,655
450,786,706,696
451,721,755,658
452,721,759,662
453,789,715,665
454,789,717,667
455,724,768,709
456,724,771,674
457,793,726,672
458,793,777,680
459,796,731,683
460,795,781,687
461,797,738,727
462,797,739,728
463,732,742,693
464,782,795,693
465,734,749,694
466,801,800,698
467,735,802,743
468,736,807,748
469,805,758,707
470,806,762,711
471,739,764,754
472,808,766,733
473,809,822,719
474,810,774,762
475,744,776,726
476,812,802,773
477,813,781,730
478,746,785,775
479,799,790,777
480,816,813,739
481,818,816,788
482,751,850,740
483,752,801,793
484,819,855,750
485,805,858,752
486,757,860,757
487,757,864,759
488,825,815,809
489,826,871,810
490,828,821,762
491,760,878,769
492,829,883,765
493,763,829,824
494,832,833,823
495,833,856,781
496,766,892,784
497,836,844,787
498,837,841,783
499,839,901,841
500,771,849,795
501,772,908,842
502,841,859,845
503,775,912,818
504,844,916,817
505,845,888,861
506,847,868,813
507,848,871,815
508,780,875,863
509,781,900,867
510,782,882,821
511,853,881,826
512,790,890,825
513,793,891,831
514,865,897,889
515,801,896,836
516,804,898,851
517,805,902,833
518,807,904,841
519,810,968,857
520,813,966,850
521,816,911,852
522,823,916,856
523,867,964,892
524,849,943,906
525,834,928,863
526,837,929,862
527,838,931,867
528,844,932,868
529,851,935,870
530,847,942,876
531,851,945,877
532,854,946,878
533,857,945,882
534,859,945,886
535,862,948,888
536,867,953,888
537,871,972,892
538,870,957,894
539,876,959,896
540,932,963,898
541,883,967,901
542,883,969,903
543,886,970,907
544,890,977,908
545,895,976,909
546,901,982,915
547,904,980,913
548,902,983,917
549,906,1047,920
550,915,988,924
551,911,991,925
552,916,992,927
553,920,991,929
554,923,997,933
555,931,999,932
556,929,1000,936
557,933,1023,934
558,936,1007,943
559,940,1005,940
560,948,1010,945
561,946,1013,949
562,949,1015,950
563,952,1018,952
564,957,1020,955
565,959,1022,957
566,962,1024,958
567,965,1024,972
568,969,1028,962
569,972,1030,964
570,976,1033,968
571,979,1099,970
572,982,1037,1036
573,986,1037,972
574,989,1047,975
575,993,1045,974
576,998,1042,980
577,999,1044,988
578,1004,1048,983
579,1006,1048,984
580,1011,1051,987
581,1014,1052,1001
582,1017,1054,993
583,1026,1057,993
584,1024,1061,994
585,1027,1062,997
586,1033,1062,1001
587,1033,1062,1001
588,1038,1066,1003
589,1041,1069,1004
590,1044,1074,1006
591,1056,1072,1010
592,1052,1071,1074
593,1055,1075,1012
594,1066,1074,1016
595,1062,1078,1017
596,1074,1081,1017
597,1079,1081,1084
598,1072,1083,1018
599,1076,1085,1022
600,1080,1087,1024
601,1085,1089,1029
602,1089,1091,1024
603,1089,1094,1030
604,1094,1094,1032
605,1097,1092,1034
606,1107,1120,1037
607,1104,1097,1036
608,1109,1100,1038
609,1111,1103,1039
610,1116,1105,1040
611,1119,1105,1043
612,1125,1105,1039
613,1127,1108,1048
614,1138,1108,1048
615,1133,1179,1049
616,1140,1183,1054
617,1141,1115,1053
618,1144,1114,1054
619,1148,1186,1080
620,1153,1119,1058
621,1154,1122,1059
622,1158,1147,1056
623,1163,1122,1065
624,1174,1123,1065
625,1171,1126,1067
626,1174,1128,1068
627,1179,1128,1068
628,1183,1133,1071
629,1185,1133,1075
630,1195,1135,1075
631,1244,1136,1075
632,1208,1136,1077
633,1200,1208,1079
634,1225,1140,1080
635,1209,1142,1079
636,1310,1145,1084
637,1222,1145,1087
638,1220,1147,1088
639,1223,1147,1088
640,1327,1145,1087
641,1231,1151,1158
642,1241,1152,1158
643,1237,1154,1165
644,1285,1165,1090
645,1349,1157,1098
646,1249,1158,1097
647,1252,1230,1102
648,1263,1231,1104
649,1259,1233,1103
650,1267,1160,1105
651,1266,1164,1111
652,1374,1202,1109
653,1274,1168,1112
654,1296,1164,1115
655,1289,1172,1179
656,1390,1173,1116
657,1288,1244,1118
658,1294,1176,1124
659,1402,1177,1117
660,1304,1180,1186
661,1325,1180,1122
662,1305,1182,1193
663,1310,1182,1123
664,1332,1191,1192
665,1320,1187,1131
666,1326,1191,1129
667,1322,1195,1134
668,1327,1226,1126
669,1328,1192,1200
670,1335,1212,1200
671,1333,1195,1195
672,1346,1268,1140
673,1341,1270,1206
674,1348,1198,1141
675,1465,1202,1151
676,1352,1203,1146
677,1353,1209,1186
678,1470,1199,1149
679,1470,1206,1155
680,1388,1208,1151
681,1475,1209,1217
682,1370,1206,1156
683,1375,1212,1220
684,1484,1208,1156
685,1372,1214,1160
686,1491,1216,1158
687,1492,1290,1159
688,1388,1221,1165
689,1499,1220,1164
690,1385,1230,1230
691,1400,1224,1166
692,1507,1226,1234
693,1391,1226,1235
694,1415,1229,1169
695,1395,1229,1174
696,1398,1231,1175
697,1400,1233,1174
698,1440,1234,1177
699,1521,1236,1169
700,1406,1230,1178
701,1527,1239,1180
702,1408,1313,1221
703,1411,1240,1249
704,1414,1315,1250
705,1415,1269,1254
706,1451,1247,1178
707,1417,1319,1188
708,1418,1242,1189
709,1421,1323,1192
710,1422,1256,1195
711,1546,1254,1199
712,1425,1254,1262
713,1426,1257,1200
714,1428,1258,1218
715,1430,1262,1266
716,1430,1260,1200
717,1433,1335,1207
718,1433,1262,1205
719,1435,1266,1205
720,1435,1263,1209
721,1439,1267,1204
722,1439,1342,1213
723,1440,1270,1211
724,1443,1271,1211
725,1442,1274,1210
726,1443,1273,1211
727,1443,1275,1284
728,1445,1278,1218
729,1446,1353,1219
730,1449,1286,1220
731,1451,1282,1225
732,1451,1282,1224
733,1453,1291,1226
734,1581,1321,1229
735,1457,1286,1228
736,1465,1324,1221
737,1457,1364,1297
738,1454,1292,1232
739,1468,1319,1233
740,1517,1295,1243
741,1589,1288,1304
742,1464,1298,1246
743,1482,1291,1244
744,1464,1300,1245
745,1523,1302,1244
746,1594,1295,1263
747,1596,1304,1234
748,1467,1306,1255
749,1467,1383,1249
750,1480,1308,1269
751,1474,1311,1252
752,1473,1312,1319
753,1473,1388,1320
754,1477,1316,1244
755,1474,1316,1256
756,1475,1393,1257
757,1480,1321,1259
758,1485,1322,1260
759,1480,1357,1255
760,1510,1324,1265
761,1611,1322,1267
762,1484,1326,1256
763,1485,1326,1257
764,1487,1336,1336
765,1614,1331,1290
766,1496,1333,1271
767,1489,1335,1272
768,1487,1335,1277
769,1498,1361,1276
770,1493,1414,1277
771,1497,1342,1277
772,1498,1351,1280
773,1499,1343,1349
774,1499,1343,1282
775,1496,1381,1284
776,1503,1348,1285
777,1502,1348,1287
778,1500,1351,1289
779,1502,1351,1290
780,1503,1353,1291
781,1504,1356,1359
782,1503,1355,1294
783,1510,1356,1295
784,1505,1362,1299
785,1512,1361,1301
786,1511,1360,1300
787,1509,1364,1303
788,1511,1364,1304
789,1511,1366,1305
790,1511,1444,1304
791,1514,1369,1307
792,1519,1370,1309
793,1519,1373,1308
794,1519,1375,1312
795,1520,1375,1313
796,1522,1376,1313
797,1519,1379,1315
798,1650,1382,1317
799,1524,1384,1318
800,1522,1382,1319
801,1540,1384,1321
802,1525,1433,1322
803,1590,1389,1325
804,1525,1379,1327
805,1527,1390,1328
806,1528,1389,1328
807,1533,1395,1331
808,1534,1394,1330
809,1534,1472,1334
810,1532,1397,1333
811,1538,1401,1336
812,1535,1401,1337
813,1539,1402,1341
814,1557,1438,1341
815,1537,1407,1339
816,1539,1407,1411
817,1538,1408,1346
818,1586,1411,1347
819,1545,1413,1367
820,1543,1415,1349
821,1543,1439,1349
822,1547,1426,1359
823,1547,1418,1350
824,1547,1419,1354
825,1548,1422,1355
826,1678,1422,1356
827,1552,1422,1360
828,1551,1425,1362
829,1551,1426,1379
830,1554,1428,1364
831,1560,1429,1361
832,1556,1429,1367
833,1559,1432,1367
834,1560,1437,1355
835,1561,1435,1370
836,1561,1514,1370
837,1563,1437,1375
838,1595,1440,1375
839,1565,1453,1377
840,1567,1442,1378
841,1567,1448,1380
842,1572,1447,1382
843,1571,1448,1382
844,1618,1449,1384
845,1571,1452,1385
846,1574,1455,1387
847,1575,1477,1389
848,1572,1457,1387
849,1577,1457,1378
850,1580,1461,1393
851,1624,1461,1394
852,1583,1484,1396
853,1583,1464,1396
854,1581,1465,1399
855,1583,1467,1425
856,1584,1470,1422
857,1590,1469,1403
858,1585,1471,1403
859,1645,1473,1392
860,1591,1475,1406
861,1590,1509,1409
862,1595,1476,1408
863,1592,1480,1427
864,1594,1497,1413
865,1595,1482,1415
866,1626,1482,1483
867,1654,1487,1418
868,1595,1486,1418
869,1599,1489,1438
870,1599,1489,1420
871,1600,1514,1421
872,1602,1491,1425
873,1731,1494,1424
874,1606,1495,1426
875,1601,1506,1430
876,1600,1494,1427
877,1604,1512,1428
878,1606,1532,1430
879,1607,1499,1433
880,1606,1502,1431
881,1610,1580,1435
882,1734,1582,1435
883,1612,1505,1437
884,1612,1507,1440
885,1610,1511,1441
886,1620,1510,1441
887,1742,1514,1443
888,1679,1514,1447
889,1619,1516,1448
890,1619,1516,1447
891,1623,1541,1450
892,1622,1519,1460
893,1628,1523,1469
894,1624,1524,1522
895,1629,1515,1458
896,1755,1562,1442
897,1756,1607,1527
898,1756,1611,1528
899,1761,1610,1530
900,1761,1612,1532
901,1762,1614,1533
902,1761,1615,1534
903,1763,1617,1536
904,1766,1619,1538
905,1767,1620,1540
906,1766,1622,1541
907,1769,1624,1542
908,1770,1625,1544
909,1774,1629,1547
910,1776,1629,1547
911,1777,1630,1549
912,1778,1632,1551
913,1779,1634,1553
914,1781,1636,1554
915,1782,1638,1555
916,1784,1639,1556
917,1783,1641,1559
918,1785,1642,1559
919,1785,1645,1561
920,1788,1646,1563
921,1791,1648,1565
922,1792,1649,1565
923,1795,1651,1568
924,1795,1653,1569
925,1797,1654,1570
926,1796,1657,1572
927,1800,1658,1573
928,1800,1660,1575
929,1804,1661,1577
930,1804,1664,1579
931,1805,1665,1581
932,1807,1666,1582
933,1832,1680,1583
934,1807,1670,1585
935,1809,1671,1586
936,1811,1673,1588
937,1815,1675,1589
938,1817,1676,1591
939,1818,1678,1593
940,1845,1681,1595
941,1819,1681,1597
942,1823,1683,1598
943,1825,1686,1599
944,1842,1687,1602
945,1828,1688,1603
946,1830,1691,1604
947,1832,1691,1606
948,1833,1694,1609
949,1836,1697,1610
950,1836,1697,1612
951,1836,1698,1613
952,1840,1701,1615
953,1842,1702,1616
954,1844,1704,1617
955,1842,1706,1619
956,1846,1707,1621
957,1849,1710,1624
958,1851,1712,1624
959,1851,1712,1626
960,1854,1715,1627
961,1856,1717,1630
962,1857,1717,1630
963,1857,1719,1632
964,1862,1722,1634
965,1862,1736,1636
966,1863,1725,1637
967,1865,1727,1641
968,1869,1729,1641
969,1870,1730,1643
970,1870,1732,1643
971,1874,1733,1645
972,1875,1735,1646
973,1877,1738,1649
974,1877,1739,1650
975,1881,2371,1652
976,1881,1743,1654
977,1886,1744,1656
978,1913,1746,1657
979,1889,1748,1658
980,1890,1749,1660
981,1894,1753,1663
982,1895,1754,1664
983,1898,1756,1665
984,1900,1757,1667
985,1902,1759,1668
986,1904,1760,1670
987,1906,1762,1671
988,1907,1763,1672
989,1908,1765,1675
990,1911,1767,1676
991,1915,1768,1678
992,1916,1771,1680
993,1918,1772,1681
994,1920,1774,1682
995,1923,1776,1685
996,1925,1778,1687
997,1926,1780,1688
998,1930,1780,1689
999,1932,1784,1691
1000,2648,1785,1693
