n,Tournament Cache Branchless (O3),Tournament External Cache Branchless (O3, GCC)
3,2,2
4,2,2
5,3,4
6,4,4
7,5,5
8,5,5
9,7,7
10,9,8
11,10,9
12,10,10
13,11,11
14,12,11
15,12,12
16,13,13
17,15,14
18,17,16
19,18,17
20,20,19
21,22,20
22,23,20
23,24,21
24,24,22
25,25,23
26,26,24
27,27,24
28,28,25
29,28,26
30,29,27
31,30,28
32,31,29
33,33,31
34,35,32
35,37,34
36,39,35
37,40,37
38,42,38
39,44,40
40,45,42
41,47,43
42,49,44
43,50,45
44,52,46
45,53,47
46,54,48
47,55,49
48,56,50
49,57,51
50,57,52
51,58,53
52,59,55
53,60,56
54,61,57
55,62,58
56,63,59
57,64,60
58,65,61
59,67,62
60,68,63
61,69,64
62,70,66
63,71,67
64,72,69
65,75,70
66,77,71
67,79,73
68,81,76
69,83,77
70,85,79
71,88,81
72,90,83
73,92,84
74,94,86
75,96,88
76,98,89
77,100,91
78,103,93
79,104,95
80,107,97
81,109,98
82,111,100
83,113,102
84,115,103
85,117,105
86,119,108
87,120,108
88,122,110
89,124,112
90,126,113
91,127,115
92,129,116
93,130,118
94,131,120
95,133,121
96,135,122
97,135,124
98,137,125
99,138,127
100,139,128
101,140,130
102,141,131
103,143,133
104,143,134
105,145,135
106,146,136
107,147,138
108,148,139
109,149,140
110,151,142
111,152,143
112,153,144
113,153,145
114,155,146
115,156,148
116,157,149
117,159,150
118,159,151
119,161,153
120,162,155
121,163,155
122,165,157
123,166,158
124,167,159
125,168,161
126,169,162
127,171,163
128,172,165
129,174,166
130,177,168
131,179,170
132,181,172
133,183,174
134,185,176
135,187,177
136,190,180
137,192,181
138,195,183
139,197,185
140,199,187
141,202,189
142,204,190
143,206,193
144,209,195
145,211,196
146,214,198
147,216,200
148,218,202
149,221,203
150,223,205
151,226,207
152,228,208
153,230,210
154,233,212
155,235,214
156,237,215
157,239,217
158,242,219
159,244,220
160,246,223
161,248,224
162,251,226
163,252,228
164,255,229
165,257,230
166,259,232
167,261,234
168,263,235
169,265,237
170,267,238
171,268,240
172,270,242
173,272,243
174,273,244
175,274,246
176,276,247
177,278,248
178,279,250
179,281,252
180,282,253
181,283,254
182,284,256
183,285,257
184,287,259
185,288,260
186,289,261
187,290,263
188,291,264
189,292,266
190,293,267
191,294,268
192,295,270
193,296,272
194,298,272
195,298,274
196,300,276
197,301,277
198,302,279
199,303,280
200,305,282
201,306,283
202,306,285
203,307,286
204,309,287
205,310,289
206,311,290
207,312,292
208,314,293
209,314,295
210,316,296
211,317,298
212,319,299
213,320,301
214,321,302
215,322,303
216,323,305
217,325,307
218,326,308
219,327,309
220,328,311
221,330,312
222,331,314
223,332,315
224,334,317
225,334,318
226,336,320
227,337,321
228,338,323
229,340,324
230,341,325
231,342,327
232,344,329
233,345,330
234,346,331
235,348,333
236,349,334
237,350,336
238,352,337
239,353,339
240,354,340
241,356,342
242,357,343
243,359,345
244,360,347
245,361,348
246,363,349
247,364,351
248,366,353
249,367,354
250,368,356
251,370,357
252,371,359
253,373,361
254,374,363
255,375,365
256,377,372
257,380,368
258,383,369
259,385,370
260,388,372
261,390,373
262,393,375
263,395,377
264,398,378
265,401,380
266,403,382
267,405,383
268,408,385
269,410,387
270,413,389
271,416,390
272,418,392
273,421,394
274,423,396
275,426,397
276,428,399
277,431,401
278,434,403
279,436,405
280,438,407
281,442,408
282,444,410
283,447,412
284,449,414
285,451,416
286,454,417
287,457,419
288,460,421
289,462,423
290,464,425
291,467,427
292,470,428
293,472,430
294,474,432
295,477,434
296,480,436
297,483,437
298,485,439
299,488,441
300,490,443
301,493,444
302,496,446
303,497,448
304,500,449
305,503,451
306,505,453
307,508,454
308,511,456
309,513,458
310,516,459
311,518,461
312,521,463
313,523,465
314,526,466
315,529,468
316,531,469
317,534,472
318,536,473
319,539,475
320,541,477
321,544,479
322,546,480
323,549,482
324,551,483
325,554,486
326,556,487
327,559,489
328,562,491
329,564,493
330,566,494
331,568,496
332,571,498
333,573,499
334,575,502
335,578,503
336,580,505
337,582,507
338,584,509
339,586,510
340,589,512
341,591,514
342,593,515
343,595,518
344,596,519
345,599,521
346,601,523
347,603,524
348,604,526
349,606,528
350,608,529
351,609,531
352,611,533
353,613,535
354,615,536
355,617,538
356,617,540
357,620,541
358,622,543
359,623,545
360,625,547
361,626,548
362,628,550
363,629,551
364,631,553
365,633,555
366,634,557
367,635,558
368,637,560
369,639,561
370,640,563
371,642,565
372,643,567
373,644,568
374,645,570
375,647,572
376,649,574
377,651,575
378,652,577
379,654,579
380,655,579
381,656,582
382,658,583
383,659,585
384,662,586
385,663,588
386,664,590
387,665,592
388,667,594
389,668,595
390,670,597
391,671,598
392,673,600
393,675,602
394,675,604
395,678,605
396,679,607
397,680,609
398,683,610
399,684,612
400,685,614
401,687,615
402,688,617
403,689,619
404,691,620
405,693,622
406,694,624
407,695,625
408,697,628
409,698,629
410,700,631
411,702,633
412,703,634
413,704,636
414,706,637
415,707,639
416,709,641
417,710,643
418,712,644
419,713,646
420,714,648
421,717,650
422,718,651
423,719,653
424,721,655
425,722,656
426,723,658
427,725,660
428,727,662
429,728,663
430,730,665
431,731,667
432,733,669
433,734,670
434,736,673
435,737,673
436,739,676
437,740,677
438,741,679
439,743,680
440,744,682
441,746,684
442,747,686
443,749,688
444,750,690
445,752,691
446,753,693
447,754,695
448,756,697
449,757,697
450,759,699
451,760,701
452,762,703
453,763,705
454,765,706
455,766,708
456,768,710
457,769,712
458,771,713
459,772,715
460,774,717
461,775,719
462,776,720
463,778,722
464,779,724
465,781,725
466,782,728
467,784,729
468,785,731
469,787,733
470,789,734
471,790,736
472,792,738
473,793,739
474,795,742
475,796,743
476,797,745
477,799,747
478,801,748
479,802,751
480,803,752
481,805,753
482,806,756
483,808,758
484,809,760
485,811,761
486,813,763
487,814,765
488,815,767
489,817,768
490,819,770
491,820,772
492,822,773
493,823,775
494,825,777
495,826,779
496,828,781
497,829,782
498,831,784
499,832,786
500,833,788
501,835,790
502,836,791
503,837,793
504,839,795
505,840,797
506,841,799
507,843,801
508,844,802
509,845,804
510,847,806
511,848,808
512,850,809
513,853,813
514,856,816
515,859,816
516,862,818
517,865,820
518,868,822
519,869,823
520,873,825
521,875,827
522,879,829
523,881,831
524,884,833
525,887,835
526,890,837
527,893,839
528,896,841
529,899,843
530,901,845
531,903,847
532,907,849
533,910,851
534,914,853
535,916,855
536,919,857
537,922,858
538,925,861
539,929,863
540,930,864
541,934,866
542,937,869
543,940,870
544,943,872
545,946,874
546,948,876
547,951,878
548,955,881
549,958,882
550,962,884
551,965,886
552,967,888
553,970,890
554,973,893
555,977,894
556,979,896
557,983,898
558,986,900
559,990,901
560,992,904
561,995,905
562,998,908
563,1001,909
564,1004,912
565,1007,913
566,1010,915
567,1015,917
568,1017,919
569,1020,921
570,1023,923
571,1026,925
572,1029,927
573,1033,929
574,1035,931
575,1039,933
576,1041,935
577,1045,937
578,1048,938
579,1051,940
580,1054,943
581,1057,944
582,1060,946
583,1062,949
584,1065,950
585,1070,952
586,1071,954
587,1076,956
588,1079,959
589,1081,960
590,1085,961
591,1087,963
592,1090,966
593,1093,967
594,1095,969
595,1098,971
596,1102,972
597,1105,975
598,1108,977
599,1111,978
600,1114,980
601,1116,982
602,1119,985
603,1122,986
604,1125,987
605,1128,989
606,1131,992
607,1134,994
608,1137,995
609,1139,997
610,1143,999
611,1145,1001
612,1148,1003
613,1151,1005
614,1154,1006
615,1156,1009
616,1161,1010
617,1163,1012
618,1166,1014
619,1170,1016
620,1172,1018
621,1173,1019
622,1176,1021
623,1180,1024
624,1183,1026
625,1186,1027
626,1188,1030
627,1191,1030
628,1194,1033
629,1197,1034
630,1200,1038
631,1202,1040
632,1204,1040
633,1208,1042
634,1209,1045
635,1214,1047
636,1216,1048
637,1218,1049
638,1221,1052
639,1223,1054
640,1226,1056
641,1230,1058
642,1232,1059
643,1236,1061
644,1238,1064
645,1241,1065
646,1244,1066
647,1246,1069
648,1248,1070
649,1251,1073
650,1255,1075
651,1256,1077
652,1259,1077
653,1262,1080
654,1264,1082
655,1267,1084
656,1269,1087
657,1272,1088
658,1275,1089
659,1277,1092
660,1279,1093
661,1282,1095
662,1284,1097
663,1286,1099
664,1289,1101
665,1292,1102
666,1295,1105
667,1298,1106
668,1300,1108
669,1302,1110
670,1305,1113
671,1309,1113
672,1310,1116
673,1312,1118
674,1314,1119
675,1317,1122
676,1320,1123
677,1321,1124
678,1324,1127
679,1326,1129
680,1328,1131
681,1331,1133
682,1333,1135
683,1335,1136
684,1337,1138
685,1340,1140
686,1342,1141
687,1344,1143
688,1347,1146
689,1348,1148
690,1350,1150
691,1353,1150
692,1355,1154
693,1356,1155
694,1359,1156
695,1361,1159
696,1364,1160
697,1367,1162
698,1367,1165
699,1371,1166
700,1372,1168
701,1374,1170
702,1376,1171
703,1380,1173
704,1379,1175
705,1382,1177
706,1384,1180
707,1385,1182
708,1387,1182
709,1389,1185
710,1391,1186
711,1393,1188
712,1395,1190
713,1397,1193
714,1398,1194
715,1400,1195
716,1402,1198
717,1405,1200
718,1405,1200
719,1408,1202
720,1410,1205
721,1410,1207
722,1412,1208
723,1414,1210
724,1417,1212
725,1418,1214
726,1419,1216
727,1421,1217
728,1424,1220
729,1426,1221
730,1427,1224
731,1428,1225
732,1431,1227
733,1433,1229
734,1435,1230
735,1437,1232
736,1440,1234
737,1439,1236
738,1441,1238
739,1443,1241
740,1445,1242
741,1447,1243
742,1448,1246
743,1449,1248
744,1453,1249
745,1454,1251
746,1455,1254
747,1457,1255
748,1459,1258
749,1460,1258
750,1462,1260
751,1464,1263
752,1467,1265
753,1473,1270
754,1475,1273
755,1472,1273
756,1473,1271
757,1474,1275
758,1476,1276
759,1479,1278
760,1482,1280
761,1482,1283
762,1484,1284
763,1485,1285
764,1488,1286
765,1489,1288
766,1490,1291
767,1492,1293
768,1494,1295
769,1496,1297
770,1499,1299
771,1500,1302
772,1501,1303
773,1504,1305
774,1506,1308
775,1509,1310
776,1510,1310
777,1511,1312
778,1512,1314
779,1514,1316
780,1517,1318
781,1518,1320
782,1520,1321
783,1521,1324
784,1524,1325
785,1524,1328
786,1526,1330
787,1529,1332
788,1529,1333
789,1532,1335
790,1532,1338
791,1535,1339
792,1536,1340
793,1539,1343
794,1540,1345
795,1542,1347
796,1544,1349
797,1547,1351
798,1547,1353
799,1549,1355
800,1551,1356
801,1553,1359
802,1555,1360
803,1556,1362
804,1557,1364
805,1559,1366
806,1562,1368
807,1564,1371
808,1565,1372
809,1566,1375
810,1568,1377
811,1571,1378
812,1573,1380
813,1575,1382
814,1577,1384
815,1579,1387
816,1580,1388
817,1582,1389
818,1585,1391
819,1585,1394
820,1587,1396
821,1588,1398
822,1591,1401
823,1593,1402
824,1594,1404
825,1597,1407
826,1597,1409
827,1600,1410
828,1603,1413
829,1605,1413
830,1605,1417
831,1608,1418
832,1608,1419
833,1611,1420
834,1613,1425
835,1614,1426
836,1618,1427
837,1618,1430
838,1621,1431
839,1621,1432
840,1624,1435
841,1625,1438
842,1626,1439
843,1628,1442
844,1630,1443
845,1631,1444
846,1634,1447
847,1637,1448
848,1637,1450
849,1641,1455
850,1642,1455
851,1643,1458
852,1646,1460
853,1647,1461
854,1649,1463
855,1650,1466
856,1652,1468
857,1653,1470
858,1657,1471
859,1658,1472
860,1660,1476
861,1661,1477
862,1662,1479
863,1666,1481
864,1666,1483
865,1671,1485
866,1669,1487
867,1673,1488
868,1673,1492
869,1675,1494
870,1676,1495
871,1680,1499
872,1683,1499
873,1683,1502
874,1683,1503
875,1686,1505
876,1688,1507
877,1691,1508
878,1693,1513
879,1693,1513
880,1696,1516
881,1698,1518
882,1700,1518
883,1700,1522
884,1704,1524
885,1705,1526
886,1707,1527
887,1709,1531
888,1710,1532
889,1713,1535
890,1714,1538
891,1715,1538
892,1718,1541
893,1720,1542
894,1722,1546
895,1724,1547
896,1728,1550
897,1728,1552
898,1730,1555
899,1731,1554
900,1733,1558
901,1735,1559
902,1739,1563
903,1740,1563
904,1741,1566
905,1742,1568
906,1745,1570
907,1747,1573
908,1749,1577
909,1752,1577
910,1752,1579
911,1755,1581
912,1756,1585
913,1759,1585
914,1759,1587
915,1763,1590
916,1765,1591
917,1764,1593
918,1766,1596
919,1769,1598
920,1771,1600
921,1774,1602
922,1774,1604
923,1779,1606
924,1779,1612
925,1780,1612
926,1783,1613
927,1784,1617
928,1787,1618
929,1793,1620
930,1791,1622
931,1793,1625
932,1794,1627
933,1797,1629
934,1798,1631
935,1803,1636
936,1800,1635
937,1804,1637
938,1807,1639
939,1817,1642
940,1812,1644
941,1814,1650
942,1815,1648
943,1819,1655
944,1823,1657
945,1824,1660
946,1826,1661
947,1829,1666
948,1834,1671
949,1832,1672
950,1834,1671
951,1836,1674
952,1838,1675
953,1839,1678
954,1852,1678
955,1845,1685
956,1848,1687
957,1846,1688
958,1844,1685
959,1847,1688
960,1847,1689
961,1850,1690
962,1853,1696
963,1855,1695
964,1856,1702
965,1860,1702
966,1862,1705
967,1862,1705
968,1865,1706
969,1865,1709
970,1867,1710
971,1871,1712
972,1871,1717
973,1876,1717
974,1878,1720
975,1877,1722
976,1877,1724
977,1881,1727
978,1883,1728
979,1887,1730
980,1887,1736
981,1889,1735
982,1892,1737
983,1896,1740
984,1893,1746
985,1897,1745
986,1896,1747
987,1901,1750
988,1902,1751
989,1905,1752
990,1906,1755
991,1911,1760
992,1912,1762
993,1912,1762
994,1913,1764
995,1914,1768
996,1917,1770
997,1918,1771
998,1919,1773
999,1921,1776
1000,1924,1779
