n,Heap 4ary Branchless Parallel,Tournament External Cache Branchless (O3, GCC)
3,1,2
4,1,2
5,2,4
6,4,4
7,5,5
8,6,5
9,7,7
10,7,8
11,8,9
12,8,10
13,9,11
14,10,11
15,10,12
16,11,13
17,12,14
18,12,16
19,13,17
20,14,19
21,14,20
22,17,21
23,19,21
24,20,22
25,22,23
26,24,24
27,26,25
28,27,25
29,29,26
30,31,27
31,32,28
32,33,29
33,34,31
34,35,32
35,36,34
36,36,35
37,38,37
38,37,38
39,38,40
40,39,42
41,39,43
42,40,44
43,41,45
44,41,46
45,42,47
46,42,48
47,43,49
48,44,50
49,45,51
50,45,52
51,46,54
52,47,54
53,48,55
54,49,57
55,49,58
56,50,59
57,51,60
58,51,61
59,52,62
60,53,63
61,54,64
62,54,66
63,55,67
64,56,69
65,57,70
66,58,71
67,59,73
68,60,75
69,61,76
70,61,78
71,61,80
72,62,82
73,63,84
74,64,86
75,65,88
76,66,89
77,66,91
78,67,93
79,68,95
80,69,96
81,70,98
82,70,100
83,71,102
84,72,103
85,74,105
86,77,106
87,79,108
88,81,110
89,83,111
90,87,114
91,88,115
92,91,116
93,93,118
94,96,120
95,97,121
96,100,122
97,101,124
98,104,125
99,106,126
100,108,128
101,110,129
102,113,131
103,115,132
104,117,134
105,119,135
106,122,136
107,124,137
108,126,139
109,128,140
110,131,141
111,133,142
112,135,144
113,136,145
114,139,147
115,141,148
116,144,149
117,146,150
118,149,151
119,152,153
120,153,154
121,156,155
122,160,157
123,161,158
124,164,160
125,166,161
126,169,162
127,172,163
128,173,165
129,175,166
130,178,168
131,180,170
132,182,172
133,184,173
134,187,175
135,189,177
136,190,179
137,192,181
138,195,183
139,195,185
140,198,187
141,199,189
142,201,190
143,202,192
144,204,194
145,205,196
146,207,198
147,209,200
148,209,202
149,211,204
150,212,205
151,213,207
152,215,208
153,215,210
154,216,212
155,217,214
156,218,215
157,220,217
158,221,219
159,222,220
160,223,222
161,224,224
162,225,226
163,226,227
164,227,229
165,228,230
166,230,232
167,230,234
168,231,235
169,232,237
170,232,238
171,234,240
172,236,241
173,237,243
174,237,244
175,238,246
176,240,247
177,241,249
178,241,250
179,242,251
180,243,253
181,244,255
182,245,255
183,246,257
184,247,259
185,249,260
186,249,261
187,250,263
188,251,264
189,253,266
190,253,267
191,254,269
192,255,270
193,257,271
194,259,273
195,258,274
196,259,276
197,263,278
198,261,279
199,262,280
200,263,282
201,264,283
202,265,284
203,267,286
204,268,288
205,268,289
206,269,290
207,270,292
208,271,293
209,272,295
210,273,297
211,275,298
212,276,300
213,277,301
214,277,302
215,278,304
216,280,305
217,281,307
218,281,308
219,282,310
220,283,311
221,284,313
222,285,314
223,286,316
224,287,317
225,288,319
226,289,320
227,290,321
228,292,323
229,293,325
230,294,326
231,294,328
232,295,329
233,296,331
234,297,332
235,298,334
236,299,335
237,300,337
238,301,338
239,302,339
240,303,341
241,305,343
242,305,344
243,307,346
244,308,348
245,309,349
246,331,351
247,310,352
248,312,354
249,313,355
250,334,357
251,315,358
252,315,360
253,316,362
254,317,364
255,319,366
256,319,374
257,321,369
258,322,370
259,323,371
260,324,373
261,325,375
262,326,376
263,327,378
264,327,380
265,329,382
266,329,383
267,331,385
268,332,387
269,333,388
270,335,391
271,335,392
272,336,394
273,337,396
274,338,398
275,339,400
276,340,401
277,341,403
278,342,405
279,343,407
280,345,409
281,345,411
282,346,413
283,347,415
284,348,416
285,350,418
286,350,420
287,350,422
288,352,424
289,353,425
290,354,428
291,355,430
292,356,431
293,357,433
294,357,435
295,360,437
296,359,438
297,361,440
298,361,442
299,365,444
300,366,446
301,366,447
302,366,449
303,367,452
304,368,452
305,369,455
306,370,456
307,371,458
308,373,460
309,377,462
310,376,464
311,376,466
312,376,467
313,379,469
314,379,471
315,381,473
316,381,475
317,382,477
318,382,479
319,384,480
320,385,482
321,386,484
322,387,486
323,387,487
324,389,489
325,391,491
326,393,493
327,392,495
328,393,497
329,395,498
330,395,500
331,397,502
332,400,504
333,399,506
334,399,508
335,400,509
336,401,511
337,403,512
338,403,515
339,404,517
340,406,518
341,407,520
342,421,521
343,438,524
344,414,525
345,417,527
346,420,528
347,422,531
348,424,532
349,426,535
350,429,537
351,431,538
352,433,541
353,435,542
354,439,544
355,441,546
356,445,547
357,445,549
358,448,551
359,451,552
360,453,554
361,455,556
362,458,558
363,460,560
364,463,562
365,465,563
366,468,565
367,470,566
368,472,568
369,474,570
370,478,572
371,483,574
372,482,576
373,484,577
374,487,579
375,489,581
376,491,583
377,493,584
378,497,586
379,499,587
380,501,590
381,503,591
382,506,593
383,510,594
384,511,596
385,513,598
386,515,602
387,518,602
388,529,603
389,521,606
390,535,607
391,528,609
392,530,611
393,532,613
394,535,615
395,537,617
396,539,618
397,541,620
398,544,621
399,546,624
400,549,625
401,551,627
402,555,630
403,557,631
404,558,633
405,560,635
406,563,637
407,564,639
408,566,640
409,568,642
410,572,644
411,574,645
412,577,648
413,579,649
414,581,650
415,583,653
416,586,655
417,588,657
418,591,659
419,595,661
420,594,662
421,598,664
422,601,666
423,603,668
424,604,670
425,607,672
426,611,674
427,613,676
428,615,677
429,617,679
430,622,681
431,623,683
432,624,685
433,628,687
434,630,689
435,633,691
436,635,693
437,637,694
438,657,696
439,644,698
440,645,700
441,649,702
442,652,704
443,653,706
444,655,708
445,659,710
446,659,712
447,663,714
448,665,716
449,699,717
450,701,719
451,703,721
452,675,723
453,709,725
454,682,726
455,714,728
456,718,730
457,686,732
458,725,734
459,726,737
460,728,739
461,730,740
462,700,742
463,702,743
464,738,745
465,742,747
466,711,749
467,749,751
468,750,753
469,718,755
470,723,757
471,762,759
472,727,761
473,730,764
474,769,765
475,738,767
476,776,770
477,777,771
478,783,773
479,747,775
480,749,777
481,753,779
482,794,781
483,774,784
484,761,785
485,804,787
486,772,789
487,768,791
488,810,793
489,775,795
490,793,797
491,792,798
492,782,801
493,798,802
494,792,804
495,790,806
496,795,808
497,811,810
498,800,812
499,844,814
500,806,816
501,809,818
502,813,820
503,859,823
504,818,825
505,821,826
506,824,829
507,869,831
508,872,833
509,871,834
510,833,837
511,838,839
512,838,841
513,840,844
514,845,846
515,845,848
516,846,850
517,849,853
518,858,855
519,854,857
520,860,859
521,864,861
522,866,863
523,867,866
524,878,868
525,872,870
526,877,871
527,879,873
528,881,875
529,883,878
530,886,880
531,897,882
532,888,885
533,892,887
534,894,890
535,900,891
536,899,893
537,903,896
538,905,898
539,907,900
540,911,902
541,912,904
542,915,906
543,915,909
544,934,910
545,923,914
546,924,915
547,925,918
548,927,920
549,938,923
550,934,924
551,937,927
552,941,929
553,939,933
554,943,934
555,942,935
556,945,937
557,947,939
558,951,942
559,952,943
560,954,946
561,959,947
562,954,951
563,964,952
564,960,954
565,964,956
566,966,958
567,971,960
568,971,962
569,973,965
570,973,967
571,977,969
572,976,971
573,981,973
574,984,976
575,987,978
576,985,980
577,989,982
578,991,985
579,993,987
580,994,989
581,997,990
582,1000,993
583,1001,995
584,1004,998
585,1005,1000
586,1005,1003
587,1006,1004
588,1009,1006
589,1040,1007
590,1013,1010
591,1016,1012
592,1019,1014
593,1019,1017
594,1023,1019
595,1021,1021
596,1029,1024
597,1027,1025
598,1032,1028
599,1029,1029
600,1033,1032
601,1035,1034
602,1037,1036
603,1039,1039
604,1038,1040
605,1039,1042
606,1045,1044
607,1044,1047
608,1044,1049
609,1047,1051
610,1051,1054
611,1052,1056
612,1054,1057
613,1056,1060
614,1057,1063
615,1056,1064
616,1060,1066
617,1069,1068
618,1063,1070
619,1064,1072
620,1067,1074
621,1067,1077
622,1070,1078
623,1072,1081
624,1072,1083
625,1075,1085
626,1075,1087
627,1078,1089
628,1079,1091
629,1082,1095
630,1084,1096
631,1085,1098
632,1086,1099
633,1087,1102
634,1089,1105
635,1092,1107
636,1092,1110
637,1087,1112
638,1096,1113
639,1096,1116
640,1160,1117
641,1101,1119
642,1163,1122
643,1166,1125
644,1106,1127
645,1114,1128
646,1109,1131
647,1111,1133
648,1112,1135
649,1175,1137
650,1116,1140
651,1117,1142
652,1118,1145
653,1119,1146
654,1129,1149
655,1121,1151
656,1123,1152
657,1125,1155
658,1126,1157
659,1128,1159
660,1193,1162
661,1130,1164
662,1135,1166
663,1135,1169
664,1136,1171
665,1126,1173
666,1138,1174
667,1141,1177
668,1143,1179
669,1145,1181
670,1144,1184
671,1136,1186
672,1147,1188
673,1151,1191
674,1141,1193
675,1151,1195
676,1155,1196
677,1220,1199
678,1160,1201
679,1161,1204
680,1149,1206
681,1162,1207
682,1163,1209
683,1164,1212
684,1166,1214
685,1168,1217
686,1168,1219
687,1168,1220
688,1173,1223
689,1237,1225
690,1174,1227
691,1241,1230
692,1180,1232
693,1181,1233
694,1180,1235
695,1182,1237
696,1186,1240
697,1185,1243
698,1187,1244
699,1188,1246
700,1253,1247
701,1191,1249
702,1180,1252
703,1193,1253
704,1196,1257
705,1196,1258
706,1198,1260
707,1202,1263
708,1218,1265
709,1205,1267
710,1192,1269
711,1204,1271
712,1209,1272
713,1208,1276
714,1209,1277
715,1214,1279
716,1212,1280
717,1216,1283
718,1215,1285
719,1219,1288
720,1218,1289
721,1223,1292
722,1222,1294
723,1222,1296
724,1224,1298
725,1214,1301
726,1227,1302
727,1228,1305
728,1296,1307
729,1234,1310
730,1235,1311
731,1234,1315
732,1303,1315
733,1241,1317
734,1241,1321
735,1242,1322
736,1242,1324
737,1244,1327
738,1244,1328
739,1250,1331
740,1314,1333
741,1251,1334
742,1250,1336
743,1252,1339
744,1256,1340
745,1256,1343
746,1260,1345
747,1260,1348
748,1267,1351
749,1264,1352
750,1262,1353
751,1265,1356
752,1267,1358
753,1267,1361
754,1269,1362
755,1272,1365
756,1274,1378
757,1277,1379
758,1282,1381
759,1281,1383
760,1284,1386
761,1281,1379
762,1282,1380
763,1283,1381
764,1285,1384
765,1286,1386
766,1287,1388
767,1290,1391
768,1291,1393
769,1294,1397
770,1292,1398
771,1293,1400
772,1363,1403
773,1298,1404
774,1300,1406
775,1304,1410
776,1303,1411
777,1303,1412
778,1307,1415
779,1306,1418
780,1308,1420
781,1310,1422
782,1310,1424
783,1312,1427
784,1314,1428
785,1315,1431
786,1317,1433
787,1320,1435
788,1306,1437
789,1339,1440
790,1323,1442
791,1324,1444
792,1326,1446
793,1327,1448
794,1330,1450
795,1329,1454
796,1332,1454
797,1333,1457
798,1335,1459
799,1336,1460
800,1339,1465
801,1339,1466
802,1342,1468
803,1343,1470
804,1343,1472
805,1347,1474
806,1414,1477
807,1349,1479
808,1350,1481
809,1351,1483
810,1352,1485
811,1354,1487
812,1355,1490
813,1358,1491
814,1361,1494
815,1362,1497
816,1362,1498
817,1364,1501
818,1366,1503
819,1378,1506
820,1369,1508
821,1370,1510
822,1370,1512
823,1373,1514
824,1375,1515
825,1376,1518
826,1376,1521
827,1379,1522
828,1379,1524
829,1382,1528
830,1384,1529
831,1402,1532
832,1386,1535
833,1457,1536
834,1388,1538
835,1460,1546
836,1392,1543
837,1393,1545
838,1395,1548
839,1400,1550
840,1400,1554
841,1402,1556
842,1403,1558
843,1404,1561
844,1409,1563
845,1411,1566
846,1413,1568
847,1411,1570
848,1412,1572
849,1413,1573
850,1415,1575
851,1416,1578
852,1418,1580
853,1419,1583
854,1449,1585
855,1422,1587
856,1424,1588
857,1426,1592
858,1426,1593
859,1430,1596
860,1430,1598
861,1433,1601
862,1435,1603
863,1435,1604
864,1452,1608
865,1438,1611
866,1440,1612
867,1441,1614
868,1444,1616
869,1520,1621
870,1446,1633
871,1446,1622
872,1447,1626
873,1449,1627
874,1450,1629
875,1453,1632
876,1454,1636
877,1455,1637
878,1458,1638
879,1460,1641
880,1462,1643
881,1462,1646
882,1462,1649
883,1465,1651
884,1466,1654
885,1470,1656
886,1472,1657
887,1472,1660
888,1474,1662
889,1485,1664
890,1476,1666
891,1479,1669
892,1480,1672
893,1484,1674
894,1554,1677
895,1556,1680
896,1488,1680
897,1560,1685
898,1563,1687
899,1563,1689
900,1565,1692
901,1566,1694
902,1566,1696
903,1568,1698
904,1571,1700
905,1572,1703
906,1574,1705
907,1576,1708
908,1587,1710
909,1579,1712
910,1579,1715
911,1581,1717
912,1583,1720
913,1585,1721
914,1586,1725
915,1589,1727
916,1590,1730
917,1605,1731
918,1592,1733
919,1596,1735
920,1607,1738
921,1599,1740
922,1599,1743
923,1603,1745
924,1613,1748
925,1606,1750
926,1606,1752
927,1608,1755
928,1610,1757
929,1612,1760
930,1614,1763
931,1617,1765
932,1619,1767
933,1629,1770
934,1620,1772
935,1622,1774
936,1625,1776
937,1627,1780
938,1627,1781
939,1628,1784
940,1640,1787
941,1634,1789
942,1633,1791
943,1635,1794
944,1640,1796
945,1638,1801
946,1640,1802
947,1644,1804
948,1645,1806
949,1647,1809
950,1647,1811
951,1648,1814
952,1651,1815
953,1654,1819
954,1654,1821
955,1656,1822
956,1660,1825
957,1659,1827
958,1660,1830
959,1662,1833
960,1664,1835
961,1666,1837
962,1670,1841
963,1669,1843
964,1671,1846
965,1674,1847
966,1677,1849
967,1677,1853
968,1678,1855
969,1682,1857
970,1683,1859
971,1682,1861
972,1694,1864
973,1698,1866
974,1688,1869
975,1690,1871
976,1691,1875
977,1696,1877
978,1695,1879
979,1699,1881
980,1698,1884
981,1711,1886
982,1701,1889
983,1703,1892
984,1707,1893
985,1707,1896
986,1708,1899
987,1713,1901
988,1713,1903
989,1724,1905
990,1716,1908
991,1719,1911
992,1719,1914
993,1720,1917
994,1724,1919
995,1726,1921
996,1728,1923
997,1727,1925
998,1729,1930
999,1730,1931
1000,1732,1933
